NaN	1625015608.702088335	255227	61.4464938482	23.8530582503	195.665462232	-0.000577103230171	0.000120466866065	-0.000573055818677	-0.951285362244	-0.0717853978276	-0.201777726412	0.221785664558	-4.07468509674	3.85599303246	8.04646110535	NaN	-0.00114985741675	-0.000544947106391	-0.0390247739851	NaN	NaN	NaN	NaN	NaN	1309050826689264896	0.00249999994412	0.000194534455659	-5.01996837556e-05	0.000249680422712	-0.0101262526587	0.00961744599044	0.0202289689332	-0.0240000002086	0.0839999988675	-0.054999999702	61.4464985	23.8530285	196.043	4	NaN	NaN	NaN	NaN	NaN	NaN	ins
NaN	1625015608.704385731	255228	61.4464938483	23.8530582504	195.66553066	-0.00104858283885	0.000357732787961	-0.000628242152743	-0.951285481453	-0.0717870369554	-0.201779142022	0.221783205867	-4.07243394852	3.86556911469	8.03328514099	NaN	-0.00113044306636	-0.000582314096391	-0.0390127338469	NaN	NaN	NaN	NaN	NaN	1309050826691764480	0.00249999994412	2.83569715975e-06	2.45266674028e-05	-0.000110893146484	-0.0101337851956	0.0096499081701	0.0202926844358	-0.0240000002086	0.0839999988675	-0.054999999702	61.4464985	23.8530285	196.043	4	NaN	NaN	NaN	NaN	NaN	NaN	ins
NaN	1625015608.706955626	255229	61.4464938481	23.8530582502	195.665652671	-0.000779639289249	0.000338124082191	-0.00072887877468	-0.951285660267	-0.0717827007174	-0.201780080795	0.221782743931	-4.08009910583	3.86387133598	8.05921363831	NaN	-0.00116385146976	-0.000568463932723	-0.0390514396131	NaN	NaN	NaN	NaN	NaN	1309050826694263808	0.00249899993651	0.000271486467682	-5.58085557714e-05	0.000220781745156	-0.0101605178788	0.00960508733988	0.020350471139	-0.0240000002086	0.0839999988675	-0.054999999702	61.4464985	23.8530285	196.043	4	NaN	NaN	NaN	NaN	NaN	NaN	ins
NaN	1625015608.709318960	255230	61.4464938481	23.8530582501	195.665746687	0.000169112579897	-0.00037885637721	-0.000324742053635	-0.951285719872	-0.0717842578888	-0.201779410243	0.221782624722	-4.07706451416	3.86547327042	8.06293296814	NaN	-0.00112221948802	-0.000603990163654	-0.0390514992177	NaN	NaN	NaN	NaN	NaN	1309050826696764672	0.00250099995174	0.000274727150099	-0.000180858609383	5.03553565068e-06	-0.0101227331907	0.00966172385961	0.0203194115311	-0.0240000002086	0.0839999988675	-0.054999999702	61.4464985	23.8530285	196.043	4	NaN	NaN	NaN	NaN	NaN	NaN	ins
NaN	1625015608.711854481	255231	61.4464938484	23.8530582502	195.66592271	-0.00012741133105	-0.000197511282749	-0.000522074580658	-0.951285481453	-0.0717874765396	-0.201779276133	0.221782952547	-4.07210159302	3.88822650909	8.0660238266	NaN	-0.00111897662282	-0.000673346687108	-0.0391372852027	NaN	NaN	NaN	NaN	NaN	1309050826699264768	0.00249999994412	0.000186633318663	-3.86570036426e-06	0.000164318524185	-0.0101397382095	0.00972273852676	0.0203740689903	-0.0240000002086	0.0839999988675	-0.054999999702	61.4464985	23.8530285	196.043	4	NaN	NaN	NaN	NaN	NaN	NaN	ins
NaN	1625015608.714388178	255232	61.4464938484	23.8530582502	195.665989884	0.00060417142231	0.000488165998831	0.000272733275779	-0.951284945011	-0.0717871263623	-0.20177963376	0.221785083413	-4.07214355469	3.88934826851	8.06986141205	NaN	-0.00106949172914	-0.000705264043063	-0.0391553789377	NaN	NaN	NaN	NaN	NaN	1309050826701764864	0.00249999994412	0.000484175863676	1.56499445438e-05	0.000232714199228	-0.010118862614	0.00966342445463	0.0203305110335	-0.0240000002086	0.0839999988675	-0.054999999702	61.4464985	23.8530285	196.043	4	NaN	NaN	NaN	NaN	NaN	NaN	ins
NaN	1625015608.716873491	255233	61.4464938484	23.8530582497	195.666122596	5.18497545272e-05	0.000186034390936	0.000255111954175	-0.95128518343	-0.0717909559608	-0.20177860558	0.221783742309	-4.07661724091	3.87660932541	8.05703639984	NaN	-0.00131465867162	-0.000626508612186	-0.0391728319228	NaN	NaN	NaN	NaN	NaN	1309050826704264704	0.00249999994412	2.84046800516e-05	-9.04199623619e-05	0.000159270406584	-0.0101621383801	0.00965906027704	0.0203099157661	-0.0240000002086	0.0839999988675	-0.054999999702	61.4464985	23.8530285	196.043	4	NaN	NaN	NaN	NaN	NaN	NaN	ins
NaN	1625015608.719413387	255234	61.4464938484	23.8530582495	195.666195726	-0.000506089534611	0.00046430301154	0.000213863793761	-0.951284825802	-0.0717902705073	-0.201779767871	0.221784576774	-4.08035564423	3.86388254166	8.05287742615	NaN	-0.00130386650562	-0.000611962750554	-0.039156652987	NaN	NaN	NaN	NaN	NaN	1309050826706764800	0.00249999994412	0.000324207852827	9.53254420892e-05	0.000221048758249	-0.0101375617087	0.0095998281613	0.020309722051	-0.0240000002086	0.0839999988675	-0.054999999702	61.4464985	23.8530285	196.043	4	NaN	NaN	NaN	NaN	NaN	NaN	ins
NaN	1625015608.721879793	255235	61.4464938475	23.8530582505	195.666252267	0.000370663357899	0.000297992461128	-0.000181567738764	-0.951284706593	-0.0717898532748	-0.201779976487	0.221784770489	-4.08162403107	3.85866379738	8.05457687378	NaN	-0.00145035423338	-0.000532634090632	-0.0391735360026	NaN	NaN	NaN	NaN	NaN	1309050826709266688	0.00250199995935	0.000279689964373	-0.00013821425091	4.61508207081e-05	-0.0101765915751	0.00964062288404	0.0203347653151	-0.0240000002086	0.0839999988675	-0.054999999702	61.4464985	23.8530285	196.043	4	NaN	NaN	NaN	NaN	NaN	NaN	ins
NaN	1625015608.724410262	255236	61.4464938474	23.8530582504	195.66634673	-0.000213977298699	-2.37986678258e-05	-0.000103645958006	-0.951284825802	-0.0717888697982	-0.201780423522	0.221784204245	-4.0822725296	3.86626124382	8.04962825775	NaN	-0.00144258141518	-0.000563185662031	-0.039153303951	NaN	NaN	NaN	NaN	NaN	1309050826711764736	0.00249799992889	0.000156795809744	3.27091493091e-06	0.000243136237259	-0.0101326871663	0.00963013153523	0.0202686730772	-0.0240000002086	0.0839999988675	-0.054999999702	61.4464985	23.8530285	196.043	4	NaN	NaN	NaN	NaN	NaN	NaN	ins
NaN	1625015608.726877449	255237	61.4464938476	23.8530582494	195.66654533	-0.000794824969489	0.000877480953932	0.000983813079074	-0.951284945011	-0.0717857629061	-0.201782017946	0.221783429384	-4.07225942612	3.87793183327	8.04670238495	NaN	-0.00140700303018	-0.000645161606371	-0.0391602367163	NaN	NaN	NaN	NaN	NaN	1309050826714264576	0.00249999994412	0.00011317528697	0.000120133132441	0.00035752178519	-0.0101183913648	0.00969128124416	0.0203038230538	-0.0240000002086	0.0839999988675	-0.054999999702	61.4464985	23.8530285	196.043	4	NaN	NaN	NaN	NaN	NaN	NaN	ins
NaN	1625015608.729346199	255238	61.4464938476	23.8530582493	195.666612621	-0.00119164492935	0.000801010290161	0.000199901987799	-0.951285123825	-0.0717864707112	-0.201782763004	0.221781477332	-4.06283378601	3.87805175781	8.07219791412	NaN	-0.00131135806441	-0.000616549048573	-0.0392252057791	NaN	NaN	NaN	NaN	NaN	1309050826716764672	0.00249999994412	4.32281231042e-05	-1.86731049325e-05	1.86872530321e-05	-0.0100936675444	0.00963845755905	0.0204124022275	-0.0240000002086	0.0839999988675	-0.054999999702	61.4464985	23.8530285	196.043	4	NaN	NaN	NaN	NaN	NaN	NaN	ins
NaN	1625015608.732062397	255239	61.4464938476	23.8530582498	195.66662747	-0.000858071027324	9.92081186268e-05	-0.000423280405812	-0.951285302639	-0.0717855468392	-0.201782941818	0.221781104803	-4.06235456467	3.86446690559	8.10066890717	NaN	-0.00138945505023	-0.000419748947024	-0.0393212102354	NaN	NaN	NaN	NaN	NaN	1309050826719264768	0.00249999994412	0.000208737168577	-8.09182529338e-05	0.000178993272129	-0.010116009973	0.00962338969111	0.0204461421818	-0.0240000002086	0.0839999988675	-0.054999999702	61.4464985	23.8530285	196.043	4	NaN	NaN	NaN	NaN	NaN	NaN	ins
NaN	1625015608.734402085	255240	61.4464938476	23.8530582497	195.666724659	-0.00025603803806	9.98394971248e-05	0.000270726741292	-0.951285302639	-0.0717855468392	-0.201782941818	0.221781104803	-4.07376670837	3.86505270004	8.0955696106	NaN	-0.00135391019285	-0.000408044084907	-0.0393901541829	NaN	NaN	NaN	NaN	NaN	1309050826721764864	0.00249999994412	0.000215637279325	-1.8544798877e-05	0.00021747079154	-0.0101507557556	0.00964134372771	0.0203869249672	-0.0240000002086	0.0839999988675	-0.054999999702	61.4464985	23.8530285	196.043	4	NaN	NaN	NaN	NaN	NaN	NaN	ins
NaN	1625015608.736945626	255241	61.4464938473	23.8530582488	195.666884366	-0.000507712597027	0.000664447434247	0.000152236083522	-0.951285243034	-0.071783810854	-0.201784819365	0.221779972315	-4.08717441559	3.87020397186	8.08516979218	NaN	-0.00162397883832	-0.000666975975037	-0.0394814833999	NaN	NaN	NaN	NaN	NaN	1309050826724264704	0.00249999994412	0.000136637783726	8.08298864285e-05	0.000145048150443	-0.0101830167696	0.00964913144708	0.0203941687942	-0.0240000002086	0.0839999988675	-0.054999999702	61.4464985	23.8530285	196.043	4	NaN	NaN	NaN	NaN	NaN	NaN	ins
NaN	1625015608.739346720	255242	61.4464938472	23.8530582489	195.666978487	-0.000830133678392	0.000544996000826	0.000502810813487	-0.951285600662	-0.071782246232	-0.201784685254	0.221779212356	-4.09663724899	3.87751555443	8.07302188873	NaN	-0.00164444185793	-0.000717512331903	-0.0395346432924	NaN	NaN	NaN	NaN	NaN	1309050826726764800	0.00249999994412	0.000123277059174	-5.27719894308e-05	0.000317890138831	-0.0101980753243	0.00967792235315	0.020326172933	-0.0240000002086	0.0839999988675	-0.054999999702	61.4464985	23.8530285	196.043	4	NaN	NaN	NaN	NaN	NaN	NaN	ins
NaN	1625015608.741882970	255243	61.4464938474	23.8530582486	195.667080159	-0.000194330350496	0.000401392695494	9.81005141512e-05	-0.951284885406	-0.0717869400978	-0.201785042882	0.221780493855	-4.09277582169	3.87731337547	8.03611946106	NaN	-0.00175935961306	-0.000859406311065	-0.0394662357867	NaN	NaN	NaN	NaN	NaN	1309050826729264640	0.00249999994412	0.000318782025715	3.96904615627e-05	2.91070373351e-05	-0.0101636974141	0.00964811723679	0.0202096663415	-0.0240000002086	0.0839999988675	-0.054999999702	61.4464985	23.8530285	196.043	4	NaN	NaN	NaN	NaN	NaN	NaN	ins
NaN	1625015608.744428074	255244	61.4464938474	23.8530582485	195.667150358	0.00075049046427	0.000550920551177	-7.12423352525e-05	-0.951284527779	-0.071786172688	-0.201785191894	0.221781924367	-4.07929182053	3.86051082611	8.02389431	NaN	-0.00175903178751	-0.000859465450048	-0.039408236742	NaN	NaN	NaN	NaN	NaN	1309050826731764736	0.00249999994412	0.000393956812331	-9.95132086246e-06	0.000269482814474	-0.0101306317374	0.00959388911724	0.0202650912106	-0.0240000002086	0.0839999988675	-0.054999999702	61.4464985	23.8530285	196.043	4	NaN	NaN	NaN	NaN	NaN	NaN	ins
NaN	1625015608.746891408	255245	61.4464938476	23.8530582496	195.667221497	0.000835991464555	0.000337571254931	0.000516732688993	-0.951283991337	-0.0717896148562	-0.201784715056	0.221783652902	-4.07297325134	3.86104631424	8.0406999588	NaN	-0.00171133503318	-0.000643435399979	-0.0393966510892	NaN	NaN	NaN	NaN	NaN	1309050826734264576	0.00249999994412	0.000343275954947	-2.13625244214e-05	0.000197527522687	-0.0101320995018	0.00965072400868	0.0202936884016	-0.0240000002086	0.0839999988675	-0.054999999702	61.4464985	23.8530285	196.043	4	NaN	NaN	NaN	NaN	NaN	NaN	ins
NaN	1625015608.749403074	255246	61.4464938477	23.8530582497	195.667311318	0.000386448577046	0.00029508760781	0.000853017205372	-0.951283991337	-0.0717878490686	-0.201784655452	0.221784174442	-4.07168722153	3.8754067421	8.04397964478	NaN	-0.00168316811323	-0.00069965980947	-0.0393776260316	NaN	NaN	NaN	NaN	NaN	1309050826736764672	0.00249999994412	0.000265112321358	-2.20585716306e-05	0.000365817220882	-0.0101242223755	0.00966568756849	0.0202814601362	-0.0240000002086	0.0839999988675	-0.054999999702	61.4464985	23.8530285	196.043	4	NaN	NaN	NaN	NaN	NaN	NaN	ins
NaN	1625015608.751879637	255247	61.4464938474	23.8530582507	195.667463594	-3.85632738471e-05	-0.000317232421366	0.000833746511489	-0.951284587383	-0.0717837885022	-0.201784580946	0.221783131361	-4.07954549789	3.87374687195	8.05725574493	NaN	-0.00174292363226	-0.000653179362416	-0.039433568716	NaN	NaN	NaN	NaN	NaN	1309050826739264768	0.00249999994412	0.000221519279876	-0.000196846202016	0.000192028965103	-0.010171466507	0.00964248366654	0.020360045135	-0.0240000002086	0.0839999988675	-0.054999999702	61.4464985	23.8530285	196.043	4	NaN	NaN	NaN	NaN	NaN	NaN	ins
NaN	1625015608.754463803	255248	61.4464938473	23.8530582505	195.667555562	-0.000987218692899	0.000211877093534	0.000705494196154	-0.951284825802	-0.0717815607786	-0.201786026359	0.221781432629	-4.0747089386	3.8626666069	8.06895256042	NaN	-0.00168474949896	-0.000632462091744	-0.0394306965172	NaN	NaN	NaN	NaN	NaN	1309050826741764864	0.00249999994412	-6.6387865445e-06	0.000129532985738	0.00032906740671	-0.0100999670103	0.00961033254862	0.0203399714082	-0.0240000002086	0.0839999988675	-0.054999999702	61.4464985	23.8530285	196.043	4	NaN	NaN	NaN	NaN	NaN	NaN	ins
NaN	1625015608.756890522	255249	61.4464938468	23.8530582489	195.667691439	-0.00116314576007	0.000769951730035	0.00052951136604	-0.95128518343	-0.0717775225639	-0.201787397265	0.221780002117	-4.07218933105	3.8605530262	8.05875492096	NaN	-0.00179023109376	-0.000569694675505	-0.0394354462624	NaN	NaN	NaN	NaN	NaN	1309050826744264704	0.00249999994412	0.000171119900187	-3.69695881091e-05	0.000141613694723	-0.0101588424295	0.00963192619383	0.0203090701252	-0.0240000002086	0.0839999988675	-0.054999999702	61.4464985	23.8530285	196.043	4	NaN	NaN	NaN	NaN	NaN	NaN	ins
NaN	1625015608.759343751	255250	61.4464938468	23.8530582489	195.667789489	-0.000522608170286	0.000293473625788	0.000554158701561	-0.951285362244	-0.0717758238316	-0.201787590981	0.221779763699	-4.08544445038	3.86387133598	8.05810260773	NaN	-0.00178961083293	-0.000568450894207	-0.0394639633596	NaN	NaN	NaN	NaN	NaN	1309050826746764544	0.00249999994412	0.000176904111868	-7.03997784512e-06	0.00033601661562	-0.0101662855595	0.00962689332664	0.0203366875648	-0.0240000002086	0.0839999988675	-0.054999999702	61.4464985	23.8530285	196.043	4	NaN	NaN	NaN	NaN	NaN	NaN	ins
NaN	1625015608.762087137	255251	61.4464938471	23.8530582498	195.66792522	-0.000320416991599	0.000214160289033	0.000766822253354	-0.951285481453	-0.0717731267214	-0.201788216829	0.221779242158	-4.06999921799	3.86701226234	8.05659198761	NaN	-0.00182467885315	-0.000647662673146	-0.0394365638494	NaN	NaN	NaN	NaN	NaN	1309050826749264640	0.00249999994412	0.000229043289437	-5.96911449975e-05	0.00020253744151	-0.0100816339254	0.00964762084186	0.0203015096486	-0.0240000002086	0.0839999988675	-0.054999999702	61.4464985	23.8530285	196.043	4	NaN	NaN	NaN	NaN	NaN	NaN	ins
NaN	1625015608.764426668	255252	61.4464938471	23.8530582495	195.668007136	-0.000338870799169	0.000759574584663	0.000323925167322	-0.951285362244	-0.0717721730471	-0.201789945364	0.221778824925	-4.06150579453	3.87606668472	8.05868053436	NaN	-0.00177160464227	-0.000680055003613	-0.0394737757742	NaN	NaN	NaN	NaN	NaN	1309050826751764736	0.00249999994412	0.000171635241713	0.000149192273966	0.000209100733628	-0.010123799555	0.00967216957361	0.0203471370041	-0.0240000002086	0.0839999988675	-0.054999999702	61.4464985	23.8530285	196.043	4	NaN	NaN	NaN	NaN	NaN	NaN	ins
NaN	1625015608.766944220	255253	61.4464938469	23.8530582486	195.668017576	-0.000116182258353	0.000295564736007	-6.19457568973e-05	-0.951285660267	-0.0717708468437	-0.201788887382	0.221778824925	-4.07958698273	3.87822437286	8.05328178406	NaN	-0.0019397418946	-0.000732839573175	-0.0394660755992	NaN	NaN	NaN	NaN	NaN	1309050826754264576	0.00249999994412	0.000292839074973	-0.000192620151211	9.19933008845e-05	-0.0101720280945	0.00965840276331	0.0202745255083	-0.0240000002086	0.0839999988675	-0.054999999702	61.4464985	23.8530285	196.043	4	NaN	NaN	NaN	NaN	NaN	NaN	ins
NaN	1625015608.769369637	255254	61.4464938469	23.8530582489	195.668096018	0.000343171297573	-0.000146953010699	-0.000704518461134	-0.951285302639	-0.0717718973756	-0.201789826155	0.221779093146	-4.07429742813	3.86837148666	8.02988529205	NaN	-0.00191497430205	-0.000772843137383	-0.0393769815564	NaN	NaN	NaN	NaN	NaN	1309050826756764672	0.00249999994412	0.000303248205455	2.2402336981e-05	2.49823551712e-05	-0.0100973667577	0.00962291378528	0.0202301386744	-0.0240000002086	0.0839999988675	-0.054999999702	61.4464985	23.8530285	196.043	4	NaN	NaN	NaN	NaN	NaN	NaN	ins
NaN	1625015608.771880053	255255	61.4464938474	23.85305825	195.668270387	-0.00015501328744	-6.52792223264e-05	-0.000882832158823	-0.951285481453	-0.0717732533813	-0.201790049672	0.221777901053	-4.06598424911	3.87574410439	8.05121326447	NaN	-0.00196797028184	-0.000678861979395	-0.0394539646804	NaN	NaN	NaN	NaN	NaN	1309050826759264768	0.00249999994412	0.000150119696627	-0.000169222388649	4.09101812693e-05	-0.0101304501295	0.00969529338181	0.020381167531	-0.0240000002086	0.0839999988675	-0.054999999702	61.4464985	23.8530285	196.043	4	NaN	NaN	NaN	NaN	NaN	NaN	ins
NaN	1625015608.774383803	255256	61.4464938473	23.8530582499	195.668338497	-0.00031207036227	-8.11560312286e-05	-0.000507336575538	-0.951285481453	-0.0717732533813	-0.201790049672	0.221777901053	-4.06549072266	3.87454605103	8.06917762756	NaN	-0.00191058591008	-0.000672956928611	-0.0394351631403	NaN	NaN	NaN	NaN	NaN	1309050826761764864	0.00249999994412	0.000258252810454	1.78553691512e-05	0.000132557441248	-0.0100948894396	0.00961691327393	0.0203199665993	-0.0240000002086	0.0839999988675	-0.054999999702	61.4464985	23.8530285	196.043	4	NaN	NaN	NaN	NaN	NaN	NaN	ins
NaN	1625015608.776869689	255257	61.4464938464	23.8530582493	195.668422615	0.000634145690128	5.40280016139e-05	-7.25720310584e-05	-0.951284945011	-0.071774110198	-0.201790139079	0.221779495478	-4.06606054306	3.85818958282	8.05438899994	NaN	-0.00210527516901	-0.000589497387409	-0.0394205227494	NaN	NaN	NaN	NaN	NaN	1309050826764264704	0.00249999994412	0.00042119063437	-0.000130495085614	0.00016546115512	-0.0101333120838	0.00961346179247	0.0203072335571	-0.0240000002086	0.0839999988675	-0.054999999702	61.4464985	23.8530285	196.043	4	NaN	NaN	NaN	NaN	NaN	NaN	ins
NaN	1625015608.779508960	255258	61.4464938462	23.8530582494	195.668514998	0.000428129918873	-0.000207349832635	0.00017664663028	-0.951284945011	-0.071774110198	-0.201790139079	0.221779495478	-4.07153606415	3.85851931572	8.06274604797	NaN	-0.00205769389868	-0.000567441340536	-0.0394480228424	NaN	NaN	NaN	NaN	NaN	1309050826766764544	0.00249999994412	0.000199231522856	-5.70227966818e-05	0.000203957475605	-0.0101223178208	0.00961856730282	0.0203617289662	-0.0240000002086	0.0839999988675	-0.054999999702	61.4464985	23.8530285	196.043	4	NaN	NaN	NaN	NaN	NaN	NaN	ins
NaN	1625015608.781924376	255259	61.4464938468	23.8530582482	195.668619153	-2.02992232516e-05	0.000414056528825	3.09222377837e-05	-0.951284825802	-0.0717729702592	-0.201791450381	0.221779450774	-4.06461238861	3.85247826576	8.05218029022	NaN	-0.00217033550143	-0.000625008251518	-0.0393637940288	NaN	NaN	NaN	NaN	NaN	1309050826769264640	0.00249999994412	0.000292725133477	4.75249107694e-05	0.000123714009533	-0.0100986519828	0.00958327203989	0.0202544201165	-0.0240000002086	0.0839999988675	-0.054999999702	61.4464985	23.8530285	196.043	4	NaN	NaN	NaN	NaN	NaN	NaN	ins
NaN	1625015608.784472762	255260	61.4464938469	23.853058248	195.668703368	0.000173431239091	-3.27790039591e-05	-0.000332570751198	-0.951285004616	-0.0717737004161	-0.201790556312	0.221779316664	-4.07656955719	3.86125421524	8.04842662811	NaN	-0.00217368640006	-0.000653338152915	-0.0394180193543	NaN	NaN	NaN	NaN	NaN	1309050826771764736	0.00249999994412	0.000254742568359	-0.000185048615094	9.98984905891e-05	-0.0101821199059	0.0096624661237	0.0203429628164	-0.0240000002086	0.0839999988675	-0.054999999702	61.4464985	23.8530285	196.043	4	NaN	NaN	NaN	NaN	NaN	NaN	ins
NaN	1625015608.786893699	255261	61.4464938471	23.8530582496	195.668825917	0.000189175829291	1.04392529465e-06	0.000378483557142	-0.951284825802	-0.0717713236809	-0.201791539788	0.221779957414	-4.09422969818	3.87349534035	8.07462406158	NaN	-0.00228743441403	-0.000746358651668	-0.0395020172	NaN	NaN	NaN	NaN	NaN	1309050826774265856	0.00250099995174	0.000297391816275	5.72729004489e-05	0.000327557325363	-0.0101910736412	0.00964832492173	0.0203935336322	-0.0240000002086	0.0839999988675	-0.054999999702	61.4464985	23.8530285	196.043	4	NaN	NaN	NaN	NaN	NaN	NaN	ins
NaN	1625015608.789346928	255262	61.4464938471	23.8530582494	195.668919643	3.62547580153e-05	0.00100820383523	0.00118617748376	-0.951284706593	-0.0717695131898	-0.201792627573	0.221780046821	-4.09395503998	3.86577606201	8.04865550995	NaN	-0.00234387256205	-0.000798640307039	-0.0394340343773	NaN	NaN	NaN	NaN	NaN	1309050826776764672	0.00249899993651	0.000210618818528	0.000103326725366	0.000330998416757	-0.0101765487343	0.00961996708065	0.0202051214874	-0.0240000002086	0.0839999988675	-0.054999999702	61.4464985	23.8530285	196.043	4	NaN	NaN	NaN	NaN	NaN	NaN	ins
NaN	1625015608.792094220	255263	61.4464938468	23.8530582498	195.669077164	-7.70598417148e-05	4.19709540438e-05	0.0012056886917	-0.951284766197	-0.0717717260122	-0.201790317893	0.221781134605	-4.08397769928	3.84907722473	8.04954051971	NaN	-0.00232989527285	-0.000680592376739	-0.0394680947065	NaN	NaN	NaN	NaN	NaN	1309050826779264768	0.00249999994412	0.000264773174422	-0.000219591020141	0.000333005969878	-0.0101371416822	0.00956099014729	0.0203897915781	-0.0240000002086	0.0839999988675	-0.054999999702	61.4464985	23.8530285	196.043	4	NaN	NaN	NaN	NaN	NaN	NaN	ins
NaN	1625015608.794428126	255264	61.4464938468	23.8530582495	195.669152367	2.41377856582e-05	7.03943951521e-05	0.000658261938952	-0.951284468174	-0.0717712491751	-0.201791748405	0.22178119421	-4.07008075714	3.8526506424	8.07792758942	NaN	-0.00226936675608	-0.000681386329234	-0.0394945964217	NaN	NaN	NaN	NaN	NaN	1309050826781764864	0.00249999994412	0.000239834407694	0.000111052373541	0.000174911256181	-0.0101111726835	0.0096415579319	0.020355142653	-0.0240000002086	0.0839999988675	-0.054999999702	61.4464985	23.8530285	196.043	4	NaN	NaN	NaN	NaN	NaN	NaN	ins
NaN	1625015608.796966512	255265	61.4464938464	23.8530582479	195.66921804	-0.000422894721851	0.00139776256401	5.29577955604e-05	-0.951283991337	-0.0717739537358	-0.201793059707	0.22178119421	-4.06740045547	3.85428619385	8.06002521515	NaN	-0.00219557620585	-0.000694908201694	-0.0394528657198	NaN	NaN	NaN	NaN	NaN	1309050826784264704	0.00249999994412	0.000136708127684	0.000160671857884	0.000159598945174	-0.0101236402988	0.00956919230521	0.020300315693	-0.0240000002086	0.0839999988675	-0.054999999702	61.4464985	23.8530285	196.043	4	NaN	NaN	NaN	NaN	NaN	NaN	ins
NaN	1625015608.799335314	255266	61.4464938464	23.8530582481	195.669294754	-0.000412882887758	0.000933570088819	-0.000303556909785	-0.951283991337	-0.0717739537358	-0.201793059707	0.22178119421	-4.05775213242	3.8518550396	8.03496074677	NaN	-0.00213795155287	-0.000739275477827	-0.0393517687917	NaN	NaN	NaN	NaN	NaN	1309050826786764544	0.00249999994412	0.000242750000325	-2.13125022128e-05	7.23149278201e-05	-0.0100629655644	0.00962956622243	0.0202297493815	-0.0240000002086	0.0839999988675	-0.054999999702	61.4464985	23.8530285	196.043	4	NaN	NaN	NaN	NaN	NaN	NaN	ins
NaN	1625015608.801883803	255267	61.4464938464	23.8530582481	195.669399355	6.9935224019e-05	0.00112064741552	2.43050744757e-05	-0.951283156872	-0.0717752724886	-0.201795369387	0.221782058477	-4.06037902832	3.86100077629	8.01164531708	NaN	-0.00228402577341	-0.000913197174668	-0.0392378494143	NaN	NaN	NaN	NaN	NaN	1309050826789264640	0.00249999994412	0.000275025144219	0.000214265601244	0.000253524689469	-0.0101367915049	0.00961488857865	0.0201837476343	-0.0240000002086	0.0839999988675	-0.054999999702	61.4464985	23.8530285	196.043	4	NaN	NaN	NaN	NaN	NaN	NaN	ins
NaN	1625015608.804429480	255268	61.4464938464	23.853058248	195.66946724	-0.000340888858773	0.000653946190141	0.000176628236659	-0.951283574104	-0.0717755928636	-0.201794788241	0.221780896187	-4.0756983757	3.85275745392	8.03086280823	NaN	-0.00227132812142	-0.000881030224264	-0.0392311997712	NaN	NaN	NaN	NaN	NaN	1309050826791764736	0.00249999994412	0.000125022677821	-0.000154882203788	0.000115950220788	-0.0101395845413	0.00958833657205	0.0203258190304	-0.0240000002086	0.0839999988675	-0.054999999702	61.4464985	23.8530285	196.043	4	NaN	NaN	NaN	NaN	NaN	NaN	ins
NaN	1625015608.806894949	255269	61.4464938463	23.8530582483	195.669583162	-0.000312592834234	-0.00147190387361	0.000151052721776	-0.951283931732	-0.0717775374651	-0.201791539788	0.221781626344	-4.0719537735	3.86073184013	8.0589799881	NaN	-0.00233987160027	-0.000750504434109	-0.039240449667	NaN	NaN	NaN	NaN	NaN	1309050826794264832	0.00249999994412	0.000283143803244	-0.000394836795749	0.00024621366174	-0.0101182004437	0.0096547678113	0.0203242208809	-0.0240000002086	0.0839999988675	-0.054999999702	61.4464985	23.8530285	196.043	4	NaN	NaN	NaN	NaN	NaN	NaN	ins
NaN	1625015608.809405210	255270	61.4464938462	23.8530582484	195.669653864	0.000817332533188	-0.000552362762392	-2.37424392253e-05	-0.951283216476	-0.0717783272266	-0.201793029904	0.221783235669	-4.06172418594	3.86562395096	8.04325199127	NaN	-0.00230301730335	-0.000773273874074	-0.0391576588154	NaN	NaN	NaN	NaN	NaN	1309050826796764672	0.00249999994412	0.000448731036158	0.000108439948235	6.59290599287e-05	-0.0100883720443	0.00961276702583	0.0202472340316	-0.0240000002086	0.0839999988675	-0.054999999702	61.4464985	23.8530285	196.043	4	NaN	NaN	NaN	NaN	NaN	NaN	ins
NaN	1625015608.811880574	255271	61.4464938461	23.8530582494	195.669787747	0.000211058184505	0.000695523049217	-0.000600108178332	-0.951283276081	-0.0717791616917	-0.201793521643	0.221782147884	-4.06733179092	3.86282610893	8.03123569489	NaN	-0.00241559930146	-0.000867250841111	-0.0391238108277	NaN	NaN	NaN	NaN	NaN	1309050826799264768	0.00249999994412	0.000109446504212	-3.72525682906e-05	8.10812052805e-05	-0.0101461512968	0.00964081287384	0.0202642120421	-0.0240000002086	0.0839999988675	-0.054999999702	61.4464985	23.8530285	196.043	4	NaN	NaN	NaN	NaN	NaN	NaN	ins
NaN	1625015608.814469845	255272	61.446493846	23.8530582493	195.669854874	-0.000387553940527	0.000813730992377	-0.000557152903639	-0.951282799244	-0.0717794895172	-0.201795384288	0.221782371402	-4.08357000351	3.8579993248	8.03080463409	NaN	-0.00245860405266	-0.000873286277056	-0.0390635207295	NaN	NaN	NaN	NaN	NaN	1309050826801764608	0.00249999994412	0.000277238956187	0.000142305463669	7.82399001764e-05	-0.0101695721969	0.0095886643976	0.020245058462	-0.0240000002086	0.0839999988675	-0.054999999702	61.4464985	23.8530285	196.043	4	NaN	NaN	NaN	NaN	NaN	NaN	ins
NaN	1625015608.816891616	255273	61.446493846	23.8530582487	195.669972007	-0.000116825569421	0.000257002015132	-0.000209137506317	-0.951283216476	-0.0717796310782	-0.201793551445	0.221782311797	-4.09029006958	3.85471987724	8.01548862457	NaN	-0.00262703187764	-0.000845460686833	-0.0389743074775	NaN	NaN	NaN	NaN	NaN	1309050826804267520	0.00250299996696	0.000187169265701	-0.000196843000595	0.000181014853297	-0.0101919872686	0.00963596999645	0.0202118679881	-0.0240000002086	0.0839999988675	-0.054999999702	61.4464985	23.8530285	196.043	4	NaN	NaN	NaN	NaN	NaN	NaN	ins
NaN	1625015608.819339949	255274	61.4464938459	23.8530582484	195.670056369	-0.000471879960969	-0.000197500921786	0.000170370214619	-0.951283216476	-0.0717796310782	-0.201793551445	0.221782311797	-4.09643316269	3.85373449326	8.00986862183	NaN	-0.00270884111524	-0.000861217267811	-0.0389018990099	NaN	NaN	NaN	NaN	NaN	1309050826806764544	0.00249699992128	0.000175359848072	1.20156655612e-05	0.000186762510566	-0.0101880896837	0.00957226660103	0.0201926771551	-0.0240000002086	0.0839999988675	-0.054999999702	61.4464985	23.8530285	196.043	4	NaN	NaN	NaN	NaN	NaN	NaN	ins
NaN	1625015608.822087345	255275	61.4464938459	23.8530582496	195.670209966	-0.000288823852316	-0.000637620221823	0.00117071554996	-0.951283752918	-0.0717765241861	-0.201792493463	0.221781626344	-4.1066942215	3.84174823761	8.01023960114	NaN	-0.00268423557281	-0.000690232496709	-0.0388121046126	NaN	NaN	NaN	NaN	NaN	1309050826809264640	0.00249999994412	0.000239446206251	-0.000322828389471	0.000467357982416	-0.0102311307564	0.00956442579627	0.0201894715428	-0.0240000002086	0.0839999988675	-0.054999999702	61.4464985	23.8530285	196.043	4	NaN	NaN	NaN	NaN	NaN	NaN	ins
NaN	1625015608.824427970	255276	61.4464938457	23.8530582495	195.670301321	-0.000818653032184	-0.000453609012766	0.00162776059005	-0.951284110546	-0.071774572134	-0.201793402433	0.221780136228	-4.10651636124	3.85208129883	8.02785778046	NaN	-0.00272272899747	-0.000712299719453	-0.0388317853212	NaN	NaN	NaN	NaN	NaN	1309050826811764736	0.00249999994412	2.37432850554e-05	6.48096029181e-05	0.000317885394907	-0.0101994397119	0.00963543727994	0.0203050151467	-0.0240000002086	0.0839999988675	-0.054999999702	61.4464985	23.8530285	196.043	4	NaN	NaN	NaN	NaN	NaN	NaN	ins
NaN	1625015608.826971668	255277	61.4464938454	23.8530582477	195.670447293	-0.00103011925239	0.000822935602628	0.000581525615416	-0.951284110546	-0.0717733800411	-0.201794669032	0.221779540181	-4.09818649292	3.85957288742	8.04930400848	NaN	-0.00241168402135	-0.000543372239918	-0.0388273447752	NaN	NaN	NaN	NaN	NaN	1309050826814263808	0.00249899993651	0.000178807589691	4.28227067459e-05	0.000167531587067	-0.0101853050292	0.00959809403867	0.0202886182815	-0.0240000002086	0.0839999988675	-0.054999999702	61.4464985	23.8530285	196.043	4	NaN	NaN	NaN	NaN	NaN	NaN	ins
NaN	1625015608.829336824	255278	61.4464938453	23.8530582479	195.670518352	-0.000284450361505	9.54832066782e-05	0.000340383849107	-0.95128428936	-0.0717727690935	-0.201793834567	0.221779555082	-4.08243179321	3.87055253983	8.07350826263	NaN	-0.00232349149883	-0.000556157901883	-0.0389351509511	NaN	NaN	NaN	NaN	NaN	1309050826816764672	0.00250099995174	0.000237463391386	-0.00014369469136	0.000248871278018	-0.0101247355342	0.00969417672604	0.0204342100769	-0.0240000002086	0.0839999988675	-0.054999999702	61.4464985	23.8530285	196.043	4	NaN	NaN	NaN	NaN	NaN	NaN	ins
NaN	1625015608.831876095	255279	61.4464938452	23.853058248	195.670597749	-0.000939211808145	0.00027976144338	0.000132101587951	-0.951284527779	-0.0717716291547	-0.201795741916	0.221777334809	-4.0772857666	3.87427639961	8.0743970871	NaN	-0.00220752507448	-0.000494248233736	-0.0389309711754	NaN	NaN	NaN	NaN	NaN	1309050826819264768	0.00249999994412	-8.70968506206e-06	9.56664225669e-05	0.000107965242933	-0.0101636415347	0.00962057895958	0.0203011725098	-0.0240000002086	0.0839999988675	-0.054999999702	61.4464985	23.8530285	196.043	4	NaN	NaN	NaN	NaN	NaN	NaN	ins
NaN	1625015608.834431303	255280	61.4464938452	23.8530582478	195.670679623	-0.00102652912028	0.000107941858005	-0.000532232108526	-0.951284766197	-0.0717726498842	-0.20179489255	0.221776768565	-4.0859541893	3.86401176453	8.0431394577	NaN	-0.00222532078624	-0.00053387414664	-0.038908418268	NaN	NaN	NaN	NaN	NaN	1309050826821763840	0.00249899993651	0.000212285012822	-0.000192794715986	5.83924302191e-05	-0.0101599609479	0.0096351550892	0.0202616397291	-0.0240000002086	0.0839999988675	-0.054999999702	61.4464985	23.8530285	196.043	4	NaN	NaN	NaN	NaN	NaN	NaN	ins
NaN	1625015608.836873022	255281	61.4464938454	23.853058248	195.670775667	2.67376890406e-05	-0.000234480423387	-0.000459385802969	-0.951284468174	-0.0717728585005	-0.201795399189	0.221777096391	-4.09208202362	3.87534952164	8.03950309753	NaN	-0.00225741229951	-0.000603119842708	-0.0389243289828	NaN	NaN	NaN	NaN	NaN	1309050826824264704	0.00250099995174	0.000293132441584	-2.41152793024e-06	0.000128881016281	-0.0101983947679	0.00968109350652	0.0202910993248	-0.0240000002086	0.0839999988675	-0.054999999702	61.4464985	23.8530285	196.043	4	NaN	NaN	NaN	NaN	NaN	NaN	ins
NaN	1625015608.839468647	255282	61.4464938459	23.8530582482	195.670917626	0.00112521694973	0.000751670217142	0.000217325170524	-0.951283752918	-0.0717714875937	-0.201796665788	0.221779555082	-4.09006500244	3.88542699814	8.05035114288	NaN	-0.00239359773695	-0.000675724819303	-0.0389618352056	NaN	NaN	NaN	NaN	NaN	1309050826826764800	0.00249999994412	0.000527052383404	8.96836791071e-05	0.00025232162443	-0.0101539036259	0.00968932360411	0.0203240346164	-0.0240000002086	0.0839999988675	-0.054999999702	61.4464985	23.8530285	196.043	4	NaN	NaN	NaN	NaN	NaN	NaN	ins
NaN	1625015608.841886095	255283	61.4464938457	23.8530582477	195.670955857	0.000727900769562	0.00145340524614	0.000455872737803	-0.951283872128	-0.0717640668154	-0.201800480485	0.221777915955	-4.06628227234	3.8767580986	8.05333805084	NaN	-0.00230045244098	-0.000474380794913	-0.0389235243201	NaN	NaN	NaN	NaN	NaN	1309050826829264640	0.00249999994412	0.000179213297088	0.000198594600079	0.000197159330128	-0.0100753586739	0.00963386148214	0.020297953859	-0.0240000002086	0.0839999988675	-0.054999999702	61.4464985	23.8530285	196.043	4	NaN	NaN	NaN	NaN	NaN	NaN	ins
NaN	1625015608.844470678	255284	61.4464938457	23.8530582477	195.671023169	-0.00021591654513	0.000319609680446	0.000565636903048	-0.95128428936	-0.0717633888125	-0.201798826456	0.22177810967	-4.07164144516	3.84840726852	8.05368614197	NaN	-0.00233422219753	-0.000408010557294	-0.0389179065824	NaN	NaN	NaN	NaN	NaN	1309050826831764736	0.00249999994412	0.000256717030425	-0.000235171217355	0.000283671397483	-0.0101807489991	0.0095476238057	0.0203257221729	-0.0240000002086	0.0839999988675	-0.054999999702	61.4464985	23.8530285	196.043	4	NaN	NaN	NaN	NaN	NaN	NaN	ins
NaN	1625015608.846895887	255285	61.4464938456	23.8530582491	195.671177094	7.55948713049e-05	-0.000103106867755	0.000393376802094	-0.951284408569	-0.0717567652464	-0.201801657677	0.221776977181	-4.09333705902	3.82495236397	8.06766700745	NaN	-0.0025825407356	-0.000215587671846	-0.0389359295368	NaN	NaN	NaN	NaN	NaN	1309050826834264832	0.00249999994412	0.00026272519608	7.74952350184e-05	0.000147810540511	-0.0101838670671	0.00951658282429	0.0203678477556	-0.0240000002086	0.0839999988675	-0.054999999702	61.4464985	23.8530285	196.043	4	NaN	NaN	NaN	NaN	NaN	NaN	ins
NaN	1625015608.849396824	255286	61.4464938455	23.8530582492	195.671244483	-0.000563291716389	-0.000115617440315	0.000107552972622	-0.95128506422	-0.0717564448714	-0.201800242066	0.221775487065	-4.08956623077	3.83598160744	8.059674263	NaN	-0.00260085426271	-0.00021545868367	-0.0389113426208	NaN	NaN	NaN	NaN	NaN	1309050826836764928	0.00249999994412	7.38335802453e-05	-0.000238913780777	0.000201672373805	-0.0101619092748	0.00960277486593	0.0202857200056	-0.0240000002086	0.0839999988675	-0.054999999702	61.4464985	23.8530285	196.043	4	NaN	NaN	NaN	NaN	NaN	NaN	ins
NaN	1625015608.852091564	255287	61.4464938454	23.8530582477	195.671335777	-0.000963877362665	-0.00258547230624	-0.000213995343074	-0.951286494732	-0.0717544257641	-0.2017968297	0.221773386002	-4.08502626419	3.84267139435	8.0627450943	NaN	-0.00238264165819	-0.000419206917286	-0.0389456823468	NaN	NaN	NaN	NaN	NaN	1309050826839264512	0.00249999994412	0.000147965722135	-0.000630066089798	5.56935628993e-05	-0.0101612610742	0.00955008529127	0.0203831344843	-0.0240000002086	0.0839999988675	-0.054999999702	61.4464985	23.8530285	196.043	4	NaN	NaN	NaN	NaN	NaN	NaN	ins
NaN	1625015608.854407605	255288	61.4464938454	23.8530582476	195.671410474	-8.84267501533e-05	-0.00149508460891	-7.04126432538e-05	-0.951286196709	-0.0717536062002	-0.201797753572	0.221774250269	-4.07573986053	3.84316372871	8.0757932663	NaN	-0.00233550928533	-0.000389731489122	-0.0389563180506	NaN	NaN	NaN	NaN	NaN	1309050826841764608	0.00249999994412	0.00032479246147	7.24645869923e-05	0.000242546200752	-0.010115435347	0.00960509851575	0.020351106301	-0.0240000002086	0.0839999988675	-0.054999999702	61.4464985	23.8530285	196.043	4	NaN	NaN	NaN	NaN	NaN	NaN	ins
NaN	1625015608.856966824	255289	61.4464938455	23.8530582474	195.67159253	0.000108409090899	0.00107662868686	0.000819155015051	-0.951286256313	-0.0717481449246	-0.201799929142	0.221773505211	-4.0691857338	3.8595957756	8.06497192383	NaN	-0.00222875550389	-0.00055892765522	-0.0389649420977	NaN	NaN	NaN	NaN	NaN	1309050826844263680	0.00249899993651	0.000204276177101	0.00010671189375	0.000310469738906	-0.0101243117824	0.00962834246457	0.0203209836036	-0.0240000002086	0.0839999988675	-0.054999999702	61.4464985	23.8530285	196.043	4	NaN	NaN	NaN	NaN	NaN	NaN	ins
NaN	1625015608.859392709	255290	61.4464938455	23.8530582471	195.671672499	-0.000186938443221	0.00027065014001	0.000381848891266	-0.951286256313	-0.0717481449246	-0.201799929142	0.221773505211	-4.07264280319	3.86337184906	8.06987190247	NaN	-0.0021843072027	-0.000536072999239	-0.0390102490783	NaN	NaN	NaN	NaN	NaN	1309050826846764800	0.00250099995174	0.000240086563281	-0.000157440896146	0.000117450254038	-0.0101367682219	0.00962794292718	0.0203836429864	-0.0240000002086	0.0839999988675	-0.054999999702	61.4464985	23.8530285	196.043	4	NaN	NaN	NaN	NaN	NaN	NaN	ins
NaN	1625015608.861879637	255291	61.4464938449	23.853058248	195.671714212	0.000549445278011	-6.6830747528e-05	0.000217817840166	-0.951286137104	-0.0717456191778	-0.201800182462	0.221774443984	-4.07278156281	3.85091519356	8.08009338379	NaN	-0.00228444486856	-0.000560848973691	-0.0390365868807	NaN	NaN	NaN	NaN	NaN	1309050826849264640	0.00249999994412	0.000415313668782	9.99427538773e-06	0.000263544352492	-0.0101290903986	0.00956988241524	0.0203802194446	-0.0240000002086	0.0839999988675	-0.054999999702	61.4464985	23.8530285	196.043	4	NaN	NaN	NaN	NaN	NaN	NaN	ins
NaN	1625015608.864517501	255292	61.4464938448	23.8530582481	195.671806719	0.000224269693717	0.000260691391304	0.000883242697455	-0.951286435127	-0.0717442035675	-0.201799973845	0.221773862839	-4.06688928604	3.85120677948	8.08027172089	NaN	-0.00221263803542	-0.000537434127182	-0.039070956409	NaN	NaN	NaN	NaN	NaN	1309050826851764736	0.00249999994412	0.000146882754052	-6.34812095086e-05	0.000307997484924	-0.0101032713428	0.00962555222213	0.0203764140606	-0.0240000002086	0.0839999988675	-0.054999999702	61.4464985	23.8530285	196.043	4	NaN	NaN	NaN	NaN	NaN	NaN	ins
NaN	1625015608.866932553	255293	61.446493845	23.8530582479	195.67190664	-0.000506124924868	-0.000396219664253	-0.000134741072543	-0.951286792755	-0.0717436000705	-0.201800107956	0.221772715449	-4.0755405426	3.8578042984	8.0934305191	NaN	-0.00228054262698	-0.000694494694471	-0.0391822084785	NaN	NaN	NaN	NaN	NaN	1309050826854264832	0.00249999994412	0.000206071141292	-0.000178196598426	-2.80862022919e-05	-0.0101723792031	0.00960293784738	0.020445972681	-0.0240000002086	0.0839999988675	-0.054999999702	61.4464985	23.8530285	196.043	4	NaN	NaN	NaN	NaN	NaN	NaN	ins
NaN	1625015608.869450314	255294	61.446493845	23.8530582478	195.671999457	-0.000138422939926	-0.000566930975765	-0.000886739173438	-0.951286792755	-0.0717436000705	-0.201800107956	0.221772715449	-4.09609460831	3.86230111122	8.10125160217	NaN	-0.00228324532509	-0.000678401906043	-0.0393002144992	NaN	NaN	NaN	NaN	NaN	1309050826856764672	0.00249999994412	0.000252202036791	-0.000112493216875	9.25614658627e-05	-0.0102060250938	0.00964804552495	0.0204155128449	-0.0240000002086	0.0839999988675	-0.054999999702	61.4464985	23.8530285	196.043	4	NaN	NaN	NaN	NaN	NaN	NaN	ins
NaN	1625015608.871940939	255295	61.4464938443	23.8530582485	195.672182558	0.000410889857449	2.94595374726e-05	-0.000332559400704	-0.951286315918	-0.0717453509569	-0.201800242066	0.221773758531	-4.09676837921	3.85403108597	8.0954208374	NaN	-0.00240831263363	-0.000820967834443	-0.0393727011979	NaN	NaN	NaN	NaN	NaN	1309050826859264512	0.00249999994412	0.000363437633496	-7.34330251362e-06	0.000130674277898	-0.0101757030934	0.00956155080348	0.0204168520868	-0.0280000008643	0.0930000022054	0.0130000002682	61.4464987	23.8530286	196.058	4	NaN	NaN	NaN	NaN	NaN	NaN	ins
NaN	1625015608.874519845	255296	61.4464938443	23.8530582485	195.672252209	0.00102347135544	0.000327496498358	0.000400148914196	-0.951286017895	-0.0717443972826	-0.201800152659	0.221775516868	-4.09114408493	3.85738730431	8.08493900299	NaN	-0.00240013003349	-0.00084210280329	-0.0394426211715	NaN	NaN	NaN	NaN	NaN	1309050826861764608	0.00249999994412	0.000427689141361	-2.71084172709e-05	0.000302476139041	-0.0101779233664	0.00966477300972	0.0203631203622	-0.0280000008643	0.0930000022054	0.0130000002682	61.4464987	23.8530286	196.058	4	NaN	NaN	NaN	NaN	NaN	NaN	ins
NaN	1625015608.876893751	255297	61.4464938446	23.8530582479	195.672352787	-2.95452773571e-05	0.00097265955992	0.00110947538633	-0.951286077499	-0.071742169559	-0.201801970601	0.221774443984	-4.08155536652	3.87443566322	8.06167602539	NaN	-0.00237260945141	-0.000873012468219	-0.0394332967699	NaN	NaN	NaN	NaN	NaN	1309050826864264704	0.00249999994412	6.16684992565e-05	0.000177577574505	0.000334023759933	-0.010127807036	0.0096468385309	0.0203005000949	-0.0280000008643	0.0930000022054	0.0130000002682	61.4464987	23.8530286	196.058	4	NaN	NaN	NaN	NaN	NaN	NaN	ins
NaN	1625015608.879374064	255298	61.4464938446	23.8530582479	195.672420819	-0.000164956669323	0.00188098382205	0.000264394911937	-0.95128518343	-0.0717426612973	-0.201804548502	0.221775621176	-4.07585382462	3.85959076881	8.06455516815	NaN	-0.00235018692911	-0.000820090528578	-0.0394740030169	NaN	NaN	NaN	NaN	NaN	1309050826866764800	0.00249999994412	0.000388896878576	0.000233107421082	6.03782573307e-05	-0.0101493401453	0.00959058478475	0.0203775372356	-0.0280000008643	0.0930000022054	0.0130000002682	61.4464987	23.8530286	196.058	4	NaN	NaN	NaN	NaN	NaN	NaN	ins
NaN	1625015608.882144168	255299	61.4464938433	23.8530582734	195.668890992	0.00026617012918	0.00197903183289	-0.000243046320975	-0.951284766197	-0.071742542088	-0.20180670917	0.221775501966	-4.07873916626	3.8443198204	8.08011341095	NaN	-0.00304299592972	0.00203815102577	-0.0391211360693	NaN	NaN	NaN	NaN	NaN	1309050826869264640	0.00249999994412	0.000185279233847	0.000205570933758	0.000188510210137	-0.0101421521977	0.00957045704126	0.0203783344477	-0.0280000008643	0.0930000022054	0.0130000002682	61.4464987	23.8530286	196.058	4	NaN	NaN	NaN	NaN	NaN	NaN	ins
NaN	1625015608.884432709	255300	61.4464938432	23.8530582736	195.668959556	6.53527677059e-05	0.00115718739107	4.89116646349e-05	-0.951284766197	-0.071742542088	-0.20180670917	0.221775501966	-4.08371210098	3.84527039528	8.08569145203	NaN	-0.00303200818598	0.0020983372815	-0.0391969271004	NaN	NaN	NaN	NaN	NaN	1309050826871764736	0.00249999994412	0.000331267830916	-2.46110676017e-06	0.000144013538375	-0.010174240917	0.00959532614797	0.0204054191709	-0.0280000008643	0.0930000022054	0.0130000002682	61.4464987	23.8530286	196.058	4	NaN	NaN	NaN	NaN	NaN	NaN	ins
NaN	1625015608.887022501	255301	61.4464938427	23.8530582743	195.668989295	0.000301569583826	0.00104799098335	-0.000269458745606	-0.951284050941	-0.0717419758439	-0.201809614897	0.221776157618	-4.09629869461	3.85791969299	8.06773757935	NaN	-0.00318203866482	0.00213834922761	-0.0392047725618	NaN	NaN	NaN	NaN	NaN	1309050826874264832	0.00249999994412	0.000252950499998	0.000174288172275	9.73038186203e-05	-0.0102050751448	0.00963370036334	0.0202885661274	-0.0280000008643	0.0930000022054	0.0130000002682	61.4464987	23.8530286	196.058	4	NaN	NaN	NaN	NaN	NaN	NaN	ins
NaN	1625015608.889376355	255302	61.4464938425	23.8530582752	195.669170978	0.000290755764581	0.000768740661442	-6.81665260345e-05	-0.951284050941	-0.0717412084341	-0.201809927821	0.221776053309	-4.10392904282	3.8538813591	8.03935146332	NaN	-0.00327792018652	0.00189244793728	-0.0391720756888	NaN	NaN	NaN	NaN	NaN	1309050826876764672	0.00249999994412	0.00032825989183	-8.231827087e-05	0.000201728398679	-0.0102123776451	0.00957512576133	0.0202634911984	-0.0280000008643	0.0930000022054	0.0130000002682	61.4464987	23.8530286	196.058	4	NaN	NaN	NaN	NaN	NaN	NaN	ins
NaN	1625015608.891890209	255303	61.4464938427	23.8530582753	195.669181952	0.000629261485301	0.00013511403813	0.000450616935268	-0.951283693314	-0.0717403814197	-0.201809883118	0.221777796745	-4.09541654587	3.84877872467	8.04801177979	NaN	-0.00327922217548	0.00190860591829	-0.0391877144575	NaN	NaN	NaN	NaN	NaN	1309050826879264512	0.00249999994412	0.000349931826349	-7.23925541024e-06	0.00024591141846	-0.0101625910029	0.00960815139115	0.0203318409622	-0.0280000008643	0.0930000022054	0.0130000002682	61.4464987	23.8530286	196.058	4	NaN	NaN	NaN	NaN	NaN	NaN	ins
NaN	1625015608.894548803	255304	61.4464938425	23.8530582754	195.669374496	-0.000415683840401	0.000703903380781	2.01049260795e-06	-0.951283872128	-0.07173948735	-0.201811745763	0.221775755286	-4.09004878998	3.86199045181	8.04178237915	NaN	-0.00324564240873	0.00180869083852	-0.0391442999244	NaN	NaN	NaN	NaN	NaN	1309050826881764608	0.00249999994412	2.89168165182e-05	8.06098905741e-05	7.31632680981e-05	-0.0101855359972	0.00964126829058	0.0202323216945	-0.0280000008643	0.0930000022054	0.0130000002682	61.4464987	23.8530286	196.058	4	NaN	NaN	NaN	NaN	NaN	NaN	ins
NaN	1625015608.896899168	255305	61.4464938419	23.8530582749	195.669584277	-0.000580097083002	0.000427345221397	0.000315610086545	-0.951283931732	-0.0717372149229	-0.201811537147	0.221776366234	-4.09329938889	3.86675834656	8.04927062988	NaN	-0.00308789685369	0.00180904660374	-0.0392067842185	NaN	NaN	NaN	NaN	NaN	1309050826884264704	0.00249999994412	0.000302839354845	-8.64756075316e-05	0.000335734948749	-0.0101788444445	0.00963200442493	0.020369278267	-0.0280000008643	0.0930000022054	0.0130000002682	61.4464987	23.8530286	196.058	4	NaN	NaN	NaN	NaN	NaN	NaN	ins
NaN	1625015608.899398699	255306	61.4464938418	23.8530582752	195.669670824	3.8734870