NaN	1734230019.466079931	173623	61.4465470114	23.8533709763	202.825672073	-3.8766534999e-05	-0.000503812683746	-0.000162993383128	-0.886600136757	-0.179026767612	-0.266707599163	0.33280107379	-5.82492017746	4.85764408112	6.22634315491	NaN	0.0257765054703	0.184027403593	-0.025179836899	NaN	NaN	NaN	NaN	NaN	1309050074990312704	0.00249999994412	0.000262875197222	-0.000187904253835	6.03948356002e-05	-0.0146022439003	0.0121149485931	0.0157023835927	0.0189999993891	-0.0189999993891	0.0410000011325	61.4465466	23.8532656	203.352	3	NaN	NaN	NaN	NaN	NaN	NaN	ins
NaN	1734230019.468332639	173624	61.4465470121	23.8533709852	202.825714631	0.000195311382413	-0.000305447378196	0.00059288344346	-0.88660043478	-0.179024830461	-0.266707003117	0.332802027464	-5.83697509766	4.84400844574	6.23749017715	NaN	0.0257287677377	0.184014230967	-0.0251664146781	NaN	NaN	NaN	NaN	NaN	1309050074992812288	0.00249999994412	0.00028541329084	-5.53655954718e-05	0.000402867823141	-0.0145505247638	0.0121376942843	0.015683542937	0.0189999993891	-0.0189999993891	0.0410000011325	61.4465466	23.8532656	203.352	3	NaN	NaN	NaN	NaN	NaN	NaN	ins
NaN	1734230019.471023994	173625	61.4465470118	23.853370995	202.825838991	-0.000525213312358	-1.50448759086e-05	0.000476706656627	-0.886600792408	-0.179025158286	-0.266707658768	0.332800328732	-5.81288480759	4.85987854004	6.20030260086	NaN	0.0257741324604	0.184032618999	-0.0250340178609	NaN	NaN	NaN	NaN	NaN	1309050074995312384	0.00249999994412	5.64601432416e-05	-0.000104710066807	2.71124754363e-05	-0.0144817661494	0.0121943354607	0.0155164385214	0.0189999993891	-0.0189999993891	0.0410000011325	61.4465466	23.8532656	203.352	3	NaN	NaN	NaN	NaN	NaN	NaN	ins
NaN	1734230019.473320817	173626	61.4465470125	23.8533710038	202.825885793	-0.000754763197619	-0.000383778649848	-0.00119844719302	-0.886600732803	-0.179027080536	-0.266707748175	0.332799494267	-5.80741691589	4.87253189087	6.18626117706	NaN	0.025754539296	0.183929890394	-0.0249910373241	NaN	NaN	NaN	NaN	NaN	1309050074997812480	0.00249999994412	0.000219655019464	-0.000161003990797	-7.70327096689e-05	-0.014523149468	0.0122010298073	0.015613310039	0.0189999993891	-0.0189999993891	0.0410000011325	61.4465466	23.8532656	203.352	3	NaN	NaN	NaN	NaN	NaN	NaN	ins
NaN	1734230019.476053421	173627	61.4465470131	23.8533710112	202.825881382	-0.00116282410454	0.000157493486768	-0.000679025892168	-0.886601269245	-0.179025530815	-0.266709297895	0.332797497511	-5.81319475174	4.8529510498	6.2049446106	NaN	0.0256776753813	0.184212684631	-0.0248867962509	NaN	NaN	NaN	NaN	NaN	1309050075000312576	0.00249999994412	-6.04405540798e-05	5.03530027345e-05	0.000175915658474	-0.0145106408745	0.0120964208618	0.015609877184	0.0189999993891	-0.0189999993891	0.0410000011325	61.4465466	23.8532656	203.352	3	NaN	NaN	NaN	NaN	NaN	NaN	ins
NaN	1734230019.478336702	173628	61.4465470137	23.8533710198	202.825913396	-0.000917088589631	0.000992796733044	-6.08444097452e-05	-0.886600732803	-0.179025545716	-0.266710579395	0.332797974348	-5.81054782867	4.83442401886	6.20685195923	NaN	0.0256264191121	0.184184253216	-0.0247962232679	NaN	NaN	NaN	NaN	NaN	1309050075002812416	0.00249999994412	0.000289906136459	7.73925494286e-05	9.99174590106e-05	-0.0145097486675	0.0121085867286	0.0156228505075	0.0189999993891	-0.0189999993891	0.0410000011325	61.4465466	23.8532656	203.352	3	NaN	NaN	NaN	NaN	NaN	NaN	ins
NaN	1734230019.480899671	173629	61.4465470145	23.8533710278	202.82602854	-0.000535397673957	0.00122101721354	-0.000371673435438	-0.886601746082	-0.179019615054	-0.266714721918	0.33279517293	-5.81935739517	4.84218215942	6.2090511322	NaN	0.0255867969245	0.18438526988	-0.0247442387044	NaN	NaN	NaN	NaN	NaN	1309050075005311488	0.00249899993651	4.89051453769e-05	0.000115729482786	8.69093128131e-05	-0.0145488455892	0.0121303452179	0.0156146464869	0.0189999993891	-0.0189999993891	0.0410000011325	61.4465466	23.8532656	203.352	3	NaN	NaN	NaN	NaN	NaN	NaN	ins
NaN	1734230019.483455087	173630	61.446547015	23.8533710362	202.826082921	-0.00017467525322	0.000160390249221	-0.000339909747709	-0.886601626873	-0.179020687938	-0.266713470221	0.332796007395	-5.82110643387	4.85773801804	6.21341323853	NaN	0.0255747642368	0.184315159917	-0.0247112028301	NaN	NaN	NaN	NaN	NaN	1309050075007812608	0.00250099995174	0.000393601629185	-0.000225654701353	0.00010905295494	-0.0145244915038	0.0121910218149	0.015650941059	0.0189999993891	-0.0189999993891	0.0410000011325	61.4465466	23.8532656	203.352	3	NaN	NaN	NaN	NaN	NaN	NaN	ins
NaN	1734230019.486039306	173631	61.4465470156	23.8533710459	202.826124393	0.000384421204217	-0.000703402271029	0.000740128103644	-0.886603236198	-0.179013416171	-0.266714513302	0.332794755697	-5.82455825806	4.86583614349	6.20241546631	NaN	0.0256297029555	0.184406831861	-0.024654449895	NaN	NaN	NaN	NaN	NaN	1309050075010312448	0.00249999994412	0.000209074671147	-0.000131724969833	0.000396277901018	-0.0145720206201	0.0121756345034	0.0155658675358	0.0189999993891	-0.0189999993891	0.0410000011325	61.4465466	23.8532656	203.352	3	NaN	NaN	NaN	NaN	NaN	NaN	ins
NaN	1734230019.488358733	173632	61.4465470162	23.8533710545	202.82615626	3.58379911631e-05	0.00031873624539	0.000777003937401	-0.886602699757	-0.179013311863	-0.26671564579	0.332795292139	-5.83344602585	4.88329839706	6.20909118652	NaN	0.025637300685	0.18429107964	-0.0247121434659	NaN	NaN	NaN	NaN	NaN	1309050075012812544	0.00249999994412	0.000293652090477	6.71600791975e-05	0.00011959332187	-0.01456308458	0.0122734624892	0.0156780704856	0.0189999993891	-0.0189999993891	0.0410000011325	61.4465466	23.8532656	203.352	3	NaN	NaN	NaN	NaN	NaN	NaN	ins
NaN	1734230019.490906858	173633	61.4465470173	23.8533710636	202.826338011	-0.000121734454297	0.000756313151214	0.00101607386023	-0.886603534222	-0.179008409381	-0.266716331244	0.33279505372	-5.839220047	4.88647460938	6.24038982391	NaN	0.0256008096039	0.184628248215	-0.0247799437493	NaN	NaN	NaN	NaN	NaN	1309050075015312384	0.00249999994412	0.000163933815202	-6.36825461697e-06	0.000464766228106	-0.0146008692682	0.0121915172786	0.0157223790884	0.0189999993891	-0.0189999993891	0.0410000011325	61.4465466	23.8532656	203.352	3	NaN	NaN	NaN	NaN	NaN	NaN	ins
NaN	1734230019.493321389	173634	61.4465470178	23.8533710723	202.826369274	-2.63549154624e-05	0.00065011694096	0.00104180327617	-0.886603057384	-0.179008424282	-0.266717195511	0.332795798779	-5.83506441116	4.85561847687	6.23769283295	NaN	0.0255437400192	0.184616461396	-0.024740440771	NaN	NaN	NaN	NaN	NaN	1309050075017812480	0.00249999994412	0.000320999126416	3.67165157513e-05	0.000126938684843	-0.0145423198119	0.0121191767976	0.0156645812094	0.0189999993891	-0.0189999993891	0.0410000011325	61.4465466	23.8532656	203.352	3	NaN	NaN	NaN	NaN	NaN	NaN	ins
NaN	1734230019.496086181	173635	61.446547018	23.8533710804	202.82637421	1.13565474749e-05	0.0011045797728	-0.000481012219097	-0.886602938175	-0.179006546736	-0.266720086336	0.332794874907	-5.81352233887	4.85421848297	6.23169231415	NaN	0.0255218110979	0.184831321239	-0.0247218944132	NaN	NaN	NaN	NaN	NaN	1309050075020312576	0.00249999994412	0.000174737317138	0.000123825695482	2.85116584564e-05	-0.0144930910319	0.012184557505	0.0156924072653	0.0189999993891	-0.0189999993891	0.0410000011325	61.4465466	23.8532656	203.352	3	NaN	NaN	NaN	NaN	NaN	NaN	ins
NaN	1734230019.498336233	173636	61.4465470186	23.8533710888	202.82641234	-0.000564725603908	0.00111607310828	-0.000608825706877	-0.886602818966	-0.179006427526	-0.266721278429	0.332794219255	-5.81831884384	4.85737228394	6.25339317322	NaN	0.0254920646548	0.184879377484	-0.0247734300792	NaN	NaN	NaN	NaN	NaN	1309050075022812672	0.00249999994412	0.000155986577738	3.99882010242e-05	9.02970205061e-05	-0.0145662818104	0.0121349776164	0.0157730784267	0.0189999993891	-0.0189999993891	0.0410000011325	61.4465466	23.8532656	203.352	3	NaN	NaN	NaN	NaN	NaN	NaN	ins
NaN	1734230019.501064046	173637	61.4465470191	23.8533710979	202.826496111	-0.000235335552134	0.000681354722474	-0.000611265189946	-0.886602342129	-0.179006576538	-0.266722559929	0.332794249058	-5.82764720917	4.84145975113	6.25947713852	NaN	0.0254785176367	0.184996426105	-0.0247624460608	NaN	NaN	NaN	NaN	NaN	1309050075025312512	0.00249999994412	0.00026910068118	-7.11997358849e-07	2.78128682112e-05	-0.0145397530869	0.0121049880981	0.0157228149474	0.0189999993891	-0.0189999993891	0.0410000011325	61.4465466	23.8532656	203.352	3	NaN	NaN	NaN	NaN	NaN	NaN	ins
NaN	1734230019.503324879	173638	61.4465470198	23.8533711067	202.826544248	0.000143139157444	0.000642619503196	0.000336792669259	-0.886602401733	-0.179004639387	-0.266722738743	0.33279505372	-5.82946109772	4.83923864365	6.24913692474	NaN	0.0254178382456	0.185015693307	-0.0247809849679	NaN	NaN	NaN	NaN	NaN	1309050075027812608	0.00249999994412	0.00026442980743	2.8778144042e-05	0.000361928745406	-0.0145754441619	0.0121237905696	0.0157213862985	0.0189999993891	-0.0189999993891	0.0410000011325	61.4465466	23.8532656	203.352	3	NaN	NaN	NaN	NaN	NaN	NaN	ins
NaN	1734230019.506042223	173639	61.4465470206	23.8533711154	202.826639644	0.00050266913604	0.000743592623621	0.000614221091382	-0.886601686478	-0.179004341364	-0.266723811626	0.332796096802	-5.83202648163	4.85124874115	6.22146558762	NaN	0.0255421195179	0.184817448258	-0.0247192662209	NaN	NaN	NaN	NaN	NaN	1309050075030311680	0.00249899993651	0.000371946167434	2.82815199171e-05	0.000107235951873	-0.0145467557013	0.0121601624414	0.0155782410875	0.0189999993891	-0.0189999993891	0.0410000011325	61.4465466	23.8532656	203.352	3	NaN	NaN	NaN	NaN	NaN	NaN	ins
NaN	1734230019.508308942	173640	61.4465470212	23.8533711239	202.826676	0.000589695293456	-9.3356880825e-05	3.01403924823e-05	-0.886601984501	-0.179004475474	-0.266722589731	0.332796365023	-5.84132099152	4.86139297485	6.19165706635	NaN	0.025416938588	0.184691876173	-0.0246955361217	NaN	NaN	NaN	NaN	NaN	1309050075032812544	0.00250099995174	0.000289470131975	-0.000210951795452	0.000194614825887	-0.0146277295426	0.0121794100851	0.0155785279348	0.0189999993891	-0.0189999993891	0.0410000011325	61.4465466	23.8532656	203.352	3	NaN	NaN	NaN	NaN	NaN	NaN	ins
NaN	1734230019.510905296	173641	61.4465470214	23.8533711331	202.826745745	-7.32291955501e-05	-0.000964733306319	0.00105782994069	-0.886603057384	-0.179001197219	-0.266721516848	0.332795917988	-5.83528661728	4.87356901169	6.20330715179	NaN	0.0255737695843	0.184809222817	-0.0246831662953	NaN	NaN	NaN	NaN	NaN	1309050075035312384	0.00249999994412	0.000182184347068	-0.000221416441491	0.000401701632654	-0.014522482641	0.0122258802876	0.0156426671892	0.0189999993891	-0.0189999993891	0.0410000011325	61.4465466	23.8532656	203.352	3	NaN	NaN	NaN	NaN	NaN	NaN	ins
NaN	1734230019.513368056	173642	61.4465470221	23.8533711418	202.826794002	-0.000136332469992	0.000131829525344	0.00164068641607	-0.88660299778	-0.178999081254	-0.266722291708	0.332796931267	-5.81821393967	4.89193868637	6.21300935745	NaN	0.0255788397044	0.184663251042	-0.024685215205	NaN	NaN	NaN	NaN	NaN	1309050075037812480	0.00249999994412	0.000271296041319	0.000103234073322	0.000361507962225	-0.0145364990458	0.012266382575	0.0156208593398	0.0189999993891	-0.0189999993891	0.0410000011325	61.4465466	23.8532656	203.352	3	NaN	NaN	NaN	NaN	NaN	NaN	ins
NaN	1734230019.516046337	173643	61.4465470224	23.8533711506	202.826873707	-0.000289135379717	-0.000596857105847	0.00049767899327	-0.886604189873	-0.178998798132	-0.26672065258	0.332795023918	-5.82727861404	4.89531040192	6.21360874176	NaN	0.0255754143	0.18498365581	-0.0247099865228	NaN	NaN	NaN	NaN	NaN	1309050075040312576	0.00249999994412	0.000138409886858	-0.000430169573519	7.42541014915e-05	-0.0145677756518	0.0122427958995	0.0156456492841	0.0189999993891	-0.0189999993891	0.0410000011325	61.4465466	23.8532656	203.352	3	NaN	NaN	NaN	NaN	NaN	NaN	ins
NaN	1734230019.518340087	173644	61.446547023	23.8533711591	202.826907704	-0.000358914374374	-0.00188685068861	-5.69041003473e-05	-0.886604726315	-0.178998947144	-0.266719073057	0.332794934511	-5.82055616379	4.87192964554	6.22436332703	NaN	0.0255682375282	0.184962749481	-0.0246685259044	NaN	NaN	NaN	NaN	NaN	1309050075042812672	0.00249999994412	0.000251323654084	-0.00026633834932	0.000202611467103	-0.0145029313862	0.012149498798	0.0156745743006	0.0189999993891	-0.0189999993891	0.0410000011325	61.4465466	23.8532656	203.352	3	NaN	NaN	NaN	NaN	NaN	NaN	ins
NaN	1734230019.520973525	173645	61.4465470236	23.8533711676	202.826990813	-0.000403834390454	-0.000340803235304	-1.87951372936e-05	-0.886604785919	-0.178998187184	-0.266720503569	0.332793921232	-5.80983686447	4.85570430756	6.22241735458	NaN	0.0253700967878	0.185315191746	-0.0246152523905	NaN	NaN	NaN	NaN	NaN	1309050075045313792	0.00249999994412	0.000125541031593	1.27402427097e-05	8.51715885801e-05	-0.0145141417161	0.0121616851538	0.0156359430403	0.0989999994636	-0.0379999987781	-0.0790000036359	61.4465467	23.8532644	203.365	3	NaN	NaN	NaN	NaN	NaN	NaN	ins
NaN	1734230019.523285087	173646	61.4465470242	23.8533711762	202.827021963	-0.000328148133121	0.000625249231234	-0.000314895063639	-0.886604785919	-0.178998187184	-0.266720503569	0.332793921232	-5.83816480637	4.86260271072	6.2373714447	NaN	0.0252940393984	0.185301050544	-0.0247222855687	NaN	NaN	NaN	NaN	NaN	1309050075047813888	0.00249999994412	0.000273014069535	1.04071841633e-05	0.000117775278341	-0.0146444998682	0.0121839931235	0.0157494079322	0.0989999994636	-0.0379999987781	-0.0790000036359	61.4465467	23.8532644	203.365	3	NaN	NaN	NaN	NaN	NaN	NaN	ins
NaN	1734230019.526046858	173647	61.4465470243	23.8533711853	202.82709035	-0.000417077797465	5.70424308535e-05	0.000282558263279	-0.886605203152	-0.17899723351	-0.266720563173	0.332793205976	-5.84828042984	4.87248468399	6.25724887848	NaN	0.0252897553146	0.185269206762	-0.0247865207493	NaN	NaN	NaN	NaN	NaN	1309050075050312960	0.00249899993651	0.000100038771052	-0.00015002481814	0.000256216095295	-0.0145589439198	0.0122061753646	0.015729047358	0.0989999994636	-0.0379999987781	-0.0790000036359	61.4465467	23.8532644	203.365	3	NaN	NaN	NaN	NaN	NaN	NaN	ins
NaN	1734230019.528310035	173648	61.446547025	23.8533711938	202.827134432	-0.00051722896751	-0.00106520624831	0.000151748070493	-0.886605679989	-0.178998425603	-0.26671898365	0.332792699337	-5.82892608643	4.86916875839	6.26504802704	NaN	0.0252960622311	0.185307130218	-0.0248527768999	NaN	NaN	NaN	NaN	NaN	1309050075052814080	0.00250099995174	0.000244489579927	-0.000311245821649	8.03554139566e-05	-0.0145535422489	0.0121722677723	0.0157945584506	0.0989999994636	-0.0379999987781	-0.0790000036359	61.4465467	23.8532644	203.365	3	NaN	NaN	NaN	NaN	NaN	NaN	ins
NaN	1734230019.531069775	173649	61.4465470897	23.853370471	202.83264529	-0.000411913613789	-0.00251237326302	-0.000736398156732	-0.886606931686	-0.179000049829	-0.266716241837	0.332790732384	-5.83417844772	4.86626911163	6.25897598267	NaN	0.026579014957	0.18112885952	-0.0251041408628	NaN	NaN	NaN	NaN	NaN	1309050075055313920	0.00249999994412	0.000130235275719	-0.000564621761441	1.89406773643e-06	-0.0145910428837	0.0121965864673	0.0157049223781	0.0989999994636	-0.0379999987781	-0.0790000036359	61.4465467	23.8532644	203.365	3	NaN	NaN	NaN	NaN	NaN	NaN	ins
NaN	1734230019.533329775	173650	61.4465470908	23.8533704788	202.8327057	-0.000848783936817	-0.00184668344446	-0.00149466597941	-0.886607408524	-0.178998813033	-0.266718327999	0.332788228989	-5.83965015411	4.85129404068	6.24367618561	NaN	0.0266011357307	0.181282028556	-0.0251010041684	NaN	NaN	NaN	NaN	NaN	1309050075057813760	0.00249999994412	0.000119176547742	-0.000120395336126	-0.00013693611254	-0.0145750911906	0.01209259592	0.0157118532807	0.0989999994636	-0.0379999987781	-0.0790000036359	61.4465467	23.8532644	203.365	3	NaN	NaN	NaN	NaN	NaN	NaN	ins
NaN	1734230019.536059358	173651	61.4465470916	23.8533704877	202.832689691	-0.000605802051723	-0.000256515748333	-0.00118633010425	-0.886607587337	-0.178999245167	-0.266718327999	0.332787722349	-5.82125473022	4.84771680832	6.24762535095	NaN	0.0266290809959	0.1812748909	-0.0251035690308	NaN	NaN	NaN	NaN	NaN	1309050075060313856	0.00249999994412	0.000199880305445	-0.000109104214062	9.01860985323e-05	-0.0144990067929	0.0121786957607	0.0157247241586	0.0989999994636	-0.0379999987781	-0.0790000036359	61.4465467	23.8532644	203.365	3	NaN	NaN	NaN	NaN	NaN	NaN	ins
NaN	1734230019.538372171	173652	61.4465470919	23.8533704965	202.832810699	-0.000506628071889	-0.000881670392118	0.000467734294944	-0.886609256268	-0.17899492383	-0.266717523336	0.332786291838	-5.81167793274	4.87174701691	6.25384521484	NaN	0.0267217680812	0.181274801493	-0.0251512359828	NaN	NaN	NaN	NaN	NaN	1309050075062813952	0.00249999994412	0.000148842736962	-0.00030030682683	0.000337158591719	-0.0145273022354	0.012212597765	0.0157429352403	0.0989999994636	-0.0379999987781	-0.0790000036359	61.4465467	23.8532644	203.365	3	NaN	NaN	NaN	NaN	NaN	NaN	ins
NaN	1734230019.540926910	173653	61.4465470923	23.8533705052	202.832786523	-0.00108146923594	-0.00125402351841	0.00062375026755	-0.886610150337	-0.17899492383	-0.266716867685	0.332784414291	-5.81960916519	4.88681077957	6.25450658798	NaN	0.026756670326	0.181210502982	-0.025216633454	NaN	NaN	NaN	NaN	NaN	1309050075065313792	0.00249999994412	3.52365022991e-05	-0.00021580712928	0.000134841742693	-0.0145387006924	0.0122540211305	0.0157279875129	0.0989999994636	-0.0379999987781	-0.0790000036359	61.4465467	23.8532644	203.365	3	NaN	NaN	NaN	NaN	NaN	NaN	ins
NaN	1734230019.543562014	173654	61.4465470927	23.8533705132	202.832949124	-0.000587185961194	-0.000983491074294	-0.000528820441104	-0.886609077454	-0.179001033306	-0.266714513302	0.332785695791	-5.81528043747	4.86964941025	6.22816514969	NaN	0.0268303882331	0.18113976717	-0.0251252688468	NaN	NaN	NaN	NaN	NaN	1309050075067813888	0.00249999994412	0.000289189250907	-0.000221987414989	6.73105887472e-06	-0.0145055605099	0.0121269216761	0.0156112639233	0.0989999994636	-0.0379999987781	-0.0790000036359	61.4465467	23.8532644	203.365	3	NaN	NaN	NaN	NaN	NaN	NaN	ins
NaN	1734230019.546060608	173655	61.4465470937	23.8533705205	202.83305617	9.64641803876e-05	-0.00176232145168	-0.000220999703743	-0.886609137058	-0.17900596559	-0.266710013151	0.332786768675	-5.81972169876	4.83687925339	6.22184658051	NaN	0.0265959724784	0.181233435869	-0.0251027066261	NaN	NaN	NaN	NaN	NaN	1309050075070313984	0.00249999994412	0.000231041165534	-0.000438849470811	0.000223074923269	-0.0145609490573	0.0120901120827	0.0156964119524	0.0989999994636	-0.0379999987781	-0.0790000036359	61.4465467	23.8532644	203.365	3	NaN	NaN	NaN	NaN	NaN	NaN	ins
NaN	1734230019.548362483	173656	61.4465470943	23.8533705291	202.833089161	0.000220339279622	-0.00195166119374	0.00143240124453	-0.886609792709	-0.179004117846	-0.266707390547	0.332787811756	-5.82558822632	4.83937358856	6.24343395233	NaN	0.0265740044415	0.181245356798	-0.0251037105918	NaN	NaN	NaN	NaN	NaN	1309050075072814080	0.00249999994412	0.000324588851072	-0.000274748337688	0.000479835143778	-0.0145348822698	0.0121394004673	0.0157194286585	0.0989999994636	-0.0379999987781	-0.0790000036359	61.4465467	23.8532644	203.365	3	NaN	NaN	NaN	NaN	NaN	NaN	ins
NaN	1734230019.550964514	173657	61.4465470946	23.8533705387	202.833140304	-0.0001074654283	-0.000599042978138	0.000550391385332	-0.886609613895	-0.179005742073	-0.266708225012	0.332786947489	-5.82405471802	4.85924959183	6.23933553696	NaN	0.026728309691	0.181299239397	-0.0251127053052	NaN	NaN	NaN	NaN	NaN	1309050075075312896	0.00249899993651	0.000137093142257	-5.14241291967e-05	-2.95923564408e-05	-0.0145473685116	0.0121846785769	0.0156696569175	0.0989999994636	-0.0379999987781	-0.0790000036359	61.4465467	23.8532644	203.365	3	NaN	NaN	NaN	NaN	NaN	NaN	ins
NaN	1734230019.553320973	173658	61.4465470951	23.8533705469	202.833179922	0.000297762337141	-0.000582100707106	-0.00025264947908	-0.886609613895	-0.179005935788	-0.266706109047	0.332788348198	-5.83955955505	4.86092090607	6.22923564911	NaN	0.0266307853162	0.181259587407	-0.0251314714551	NaN	NaN	NaN	NaN	NaN	1309050075077813760	0.00250099995174	0.000440845149569	-0.000271393160801	0.000250513112405	-0.0146182971075	0.0121525553986	0.0156749822199	0.0989999994636	-0.0379999987781	-0.0790000036359	61.4465467	23.8532644	203.365	3	NaN	NaN	NaN	NaN	NaN	NaN	ins
NaN	1734230019.556110816	173659	61.4465470958	23.853370555	202.833265993	0.000351834460162	-0.00118498271331	0.000940768397413	-0.886610269547	-0.17900544405	-0.266704618931	0.332788169384	-5.84693670273	4.8601732254	6.22148704529	NaN	0.026612656191	0.181264430285	-0.0251357983798	NaN	NaN	NaN	NaN	NaN	1309050075080313856	0.00249999994412	0.000152619759319	-0.000224103147048	0.000312288990244	-0.0145901413634	0.0121857719496	0.0156371723861	0.0989999994636	-0.0379999987781	-0.0790000036359	61.4465467	23.8532644	203.365	3	NaN	NaN	NaN	NaN	NaN	NaN	ins
NaN	1734230019.558309202	173660	61.4465470965	23.8533705635	202.833302564	-0.000605274690315	-0.00105145107955	0.000350797898136	-0.886610746384	-0.17900621891	-0.266703724861	0.332787156105	-5.8468132019	4.86362838745	6.22055721283	NaN	0.0265221949667	0.181209340692	-0.025159612298	NaN	NaN	NaN	NaN	NaN	1309050075082813952	0.00249999994412	0.000166482757777	-0.000232993013924	8.15742023406e-05	-0.0146118663251	0.0121648795903	0.0156638454646	0.0989999994636	-0.0379999987781	-0.0790000036359	61.4465467	23.8532644	203.365	3	NaN	NaN	NaN	NaN	NaN	NaN	ins
NaN	1734230019.561028785	173661	61.4465470974	23.853370572	202.833414804	-0.000284597626887	-0.000726601399947	-0.000276007864159	-0.886610507965	-0.179007813334	-0.266702979803	0.332787632942	-5.82761669159	4.87057209015	6.2358956337	NaN	0.0267487801611	0.181480884552	-0.0251731593162	NaN	NaN	NaN	NaN	NaN	1309050075085316864	0.00250299996696	0.000244820985245	-0.00013100077922	0.000132792993099	-0.0145115694031	0.012235132046	0.0157327149063	0.0989999994636	-0.0379999987781	-0.0790000036359	61.4465467	23.8532644	203.365	3	NaN	NaN	NaN	NaN	NaN	NaN	ins
NaN	1734230019.563321181	173662	61.4465470981	23.8533705804	202.833448218	-9.19564627111e-07	0.000307939946651	-0.000262052402832	-0.886610031128	-0.17900788784	-0.266704261303	0.332787722349	-5.79794645309	4.86973237991	6.2497959137	NaN	0.0267986170948	0.181497141719	-0.0251514483243	NaN	NaN	NaN	NaN	NaN	1309050075087813888	0.00249699992128	0.000247397489147	6.31585207884e-05	8.53313176776e-05	-0.0144460881129	0.0121461953968	0.0157146658748	0.0989999994636	-0.0379999987781	-0.0790000036359	61.4465467	23.8532644	203.365	3	NaN	NaN	NaN	NaN	NaN	NaN	ins
NaN	1734230019.566055191	173663	61.4465470987	23.85337059	202.833569573	-0.000124422484078	-0.000236852036323	-0.000643809733447	-0.886610150337	-0.179010689259	-0.266702651978	0.332787394524	-5.7911028862	4.86060810089	6.25348091125	NaN	0.0268561430275	0.181674391031	-0.0251338575035	NaN	NaN	NaN	NaN	NaN	1309050075090313984	0.00249999994412	0.000209106277907	-0.000287111848593	2.33568207477e-05	-0.0144599052146	0.0121748931706	0.0157323032618	0.0989999994636	-0.0379999987781	-0.0790000036359	61.4465467	23.8532644	203.365	3	NaN	NaN	NaN	NaN	NaN	NaN	ins
NaN	1734230019.568336181	173664	61.4465470994	23.8533705984	202.833628379	0.000349649228156	-0.00181549345143	-0.00126273871865	-0.886610090733	-0.179013758898	-0.266700714827	0.332787424326	-5.80781888962	4.8714222908	6.24154138565	NaN	0.0268454886973	0.18159943819	-0.0251504667103	NaN	NaN	NaN	NaN	NaN	1309050075092814080	0.00249999994412	0.000383657286875	-0.000389248598367	-9.18382429518e-05	-0.0145470285788	0.0122149065137	0.0156739670783	0.0989999994636	-0.0379999987781	-0.0790000036359	61.4465467	23.8532644	203.365	3	NaN	NaN	NaN	NaN	NaN	NaN	ins
NaN	1734230019.570965296	173665	61.4465470997	23.8533706066	202.833757872	0.000668244203553	-0.00097548647318	-0.00144130236004	-0.886609375477	-0.179015338421	-0.26670140028	0.332787662745	-5.83317232132	4.86146211624	6.2326259613	NaN	0.0266217198223	0.181448817253	-0.0251548588276	NaN	NaN	NaN	NaN	NaN	1309050075095313920	0.00249999994412	0.000300377025269	-4.64677032141e-05	-2.7797794246e-05	-0.0145866395906	0.0121250981465	0.0156877543777	0.0989999994636	-0.0379999987781	-0.0790000036359	61.4465467	23.8532644	203.365	3	NaN	NaN	NaN	NaN	NaN	NaN	ins
NaN	1734230019.573452587	173666	61.4465471004	23.853370615	202.833817548	0.000732607790269	-0.000708240608219	-0.00110153341666	-0.886609256268	-0.179017484188	-0.266699790955	0.332788199186	-5.8208770752	4.85369062424	6.23930168152	NaN	0.0266523994505	0.18143299222	-0.0251370146871	NaN	NaN	NaN	NaN	NaN	1309050075097813760	0.00249999994412	0.000402001693146	-0.000312369287712	5.44186059415e-06	-0.0144855780527	0.0121760172769	0.0157072357833	0.0989999994636	-0.0379999987781	-0.0790000036359	61.4465467	23.8532644	203.365	3	NaN	NaN	NaN	NaN	NaN	NaN	ins
NaN	1734230019.576041129	173667	61.446547101	23.8533706225	202.833824953	0.000128579325974	-0.000939284393098	-0.000152392196469	-0.886609733105	-0.179016724229	-0.266699463129	0.332787632942	-5.80672311783	4.85745239258	6.24419021606	NaN	0.026736324653	0.181624040008	-0.0251244250685	NaN	NaN	NaN	NaN	NaN	1309050075100313856	0.00249999994412	0.000127335457364	-0.00011265676585	0.000244111113716	-0.014515911229	0.0121438894421	0.015712171793	0.0989999994636	-0.0379999987781	-0.0790000036359	61.4465467	23.8532644	203.365	3	NaN	NaN	NaN	NaN	NaN	NaN	ins
NaN	1734230019.578358473	173668	61.4465471017	23.8533706311	202.83387401	-0.000451217754744	-0.000332123250701	1.19222095236e-05	-0.886609733105	-0.179016724229	-0.266699463129	0.332787632942	-5.80502176285	4.85146331787	6.22208786011	NaN	0.026719737798	0.181555002928	-0.0250164289027	NaN	NaN	NaN	NaN	NaN	1309050075102813952	0.00249999994412	0.00023595339735	-0.000138409479405	5.25877767359e-05	-0.0144770862535	0.0121460659429	0.0155967297032	0.0989999994636	-0.0379999987781	-0.0790000036359	61.4465467	23.8532644	203.365	3	NaN	NaN	NaN	NaN	NaN	NaN	ins
NaN	1734230019.580967066	173669	61.4465471024	23.8533706404	202.833981568	7.20384996384e-05	-0.000945467269048	-0.000913278432563	-0.886609911919	-0.179019138217	-0.26669844985	0.332786828279	-5.80482292175	4.85301589966	6.23090362549	NaN	0.0267003756016	0.181562572718	-0.0250351466238	NaN	NaN	NaN	NaN	NaN	1309050075105315840	0.00250199995935	0.000277483166428	-0.000288598472252	-2.10218040593e-05	-0.0145265460014	0.0121613750234	0.0157688744366	0.0989999994636	-0.0379999987781	-0.0790000036359	61.4465467	23.8532644	203.365	3	NaN	NaN	NaN	NaN	NaN	NaN	ins
NaN	1734230019.583320296	173670	61.4465471031	23.8533706489	202.83402247	-0.000155493733473	-0.00117133115418	-0.00112218037248	-0.886610209942	-0.179020509124	-0.266698032618	0.332785695791	-5.82207679749	4.86741685867	6.24293231964	NaN	0.0266722757369	0.181471258402	-0.0250520315021	NaN	NaN	NaN	NaN	NaN	1309050075107813888	0.00249799992889	0.000170616520336	-0.000203052681172	-7.37464824851e-06	-0.0145516479388	0.0122082922608	0.0156442988664	0.0989999994636	-0.0379999987781	-0.0790000036359	61.4465467	23.8532644	203.365	3	NaN	NaN	NaN	NaN	NaN	NaN	ins
NaN	1734230019.586085660	173671	61.4465471035	23.8533706568	202.834091153	6.27523986623e-05	-0.00152425677516	-0.000728659098968	-0.88661056757	-0.179021582007	-0.266695946455	0.332785844803	-5.82952308655	4.86887168884	6.22601318359	NaN	0.0266167018563	0.181477218866	-0.0250425394624	NaN	NaN	NaN	NaN	NaN	1309050075110313984	0.00249999994412	0.000339760241332	-0.000389472639654	9.17961879168e-05	-0.0145521676168	0.0121589126065	0.0156716480851	0.0989999994636	-0.0379999987781	-0.0790000036359	61.4465467	23.8532644	203.365	3	NaN	NaN	NaN	NaN	NaN	NaN	ins
NaN	1734230019.588338785	173672	61.4465471043	23.8533706653	202.834133783	-1.9007595256e-05	-0.00229551736265	-0.000922442181036	-0.886611282825	-0.179023966193	-0.266693979502	0.332784026861	-5.83857631683	4.86642980576	6.23918247223	NaN	0.0265698414296	0.181433230639	-0.0251221507788	NaN	NaN	NaN	NaN	NaN	1309050075112813824	0.00249999994412	0.000147305749124	-0.000424098660005	-6.28599882475e-05	-0.0146086215973	0.0122059043497	0.0157226640731	0.0989999994636	-0.0379999987781	-0.0790000036359	61.4465467	23.8532644	203.365	3	NaN	NaN	NaN	NaN	NaN	NaN	ins
NaN	1734230019.591024254	173673	61.4465471048	23.8533706743	202.83418335	-0.000700502074324	-0.00152676284779	-0.00110823265277	-0.886611878872	-0.179023101926	-0.26669460535	0.332782506943	-5.84100389481	4.87200689316	6.24689006805	NaN	0.0265642777085	0.181642219424	-0.0251581966877	NaN	NaN	NaN	NaN	NaN	1309050075115313920	0.00249999994412	0.000144526566146	-0.000169240709511	3.85711973649e-05	-0.0145642692223	0.0121868420392	0.0157101843506	0.0989999994636	-0.0379999987781	-0.0790000036359	61.4465467	23.8532644	203.365	3	NaN	NaN	NaN	NaN	NaN	NaN	ins
NaN	1734230019.593320139	173674	61.4465471054	23.8533706826	202.834219117	-3.19250393659e-05	-0.0020309695974	0.000262048793957	-0.88661301136	-0.179023325443	-0.266690135002	0.332782894373	-5.83357191086	4.86149740219	6.24429893494	NaN	0.0265163052827	0.18163189292	-0.0251815766096	NaN	NaN	NaN	NaN	NaN	1309050075117813760	0.00249999994412	0.000338858604664	-0.000568561139517	0.000329674803652	-0.0145715195686	0.0121532808989	0.0157097186893	0.0989999994636	-0.0379999987781	-0.0790000036359	61.4465467	23.8532644	203.365	3	NaN	NaN	NaN	NaN	NaN	NaN	ins
NaN	1734230019.596059983	173675	61.4465471056	23.8533706908	202.834293442	5.01418253407e-05	-0.00231004180387	0.00051597179845	-0.886613845825	-0.179022178054	-0.266689836979	0.332781642675	-5.83285331726	4.86091756821	6.22665643692	NaN	0.0265250150114	0.181701526046	-0.0251579154283	NaN	NaN	NaN	NaN	NaN	1309050075120313856	0.00249999994412	0.000168037033291	-0.000249189004535	0.000111314664537	-0.0145606836304	0.0121839288622	0.0156219759956	0.0989999994636	-0.0379999987781	-0.0790000036359	61.4465467	23.8532644	203.365	3	NaN	NaN	NaN	NaN	NaN	NaN	ins
NaN	1734230019.598335712	173676	61.4465471061	23.8533706991	202.834346081	0.000720519688912	-0.00116451166105	-0.00023044552654	-0.886613309383	-0.179023548961	-0.266688227654	0.332783520222	-5.82391023636	4.86320638657	6.2254948616	NaN	0.0265159476548	0.181685119867	-0.025156756863	NaN	NaN	NaN	NaN	NaN	1309050075122813952	0.00249999994412	0.000530876743142	-0.000240555586061	0.000115686700155	-0.0145266940817	0.0121647939086	0.0157039165497	0.0989999994636	-0.0379999987781	-0.0790000036359	61.4465467	23.8532644	203.365	3	NaN	NaN	NaN	NaN	NaN	NaN	ins
NaN	1734230019.600968629	173677	61.4465471063	23.8533707077	202.834457428	0.00118052086327	-0.000654642470181	0.000204310868867	-0.88661301136	-0.179023861885	-0.266687512398	0.332784503698	-5.82196617126	4.86436796188	6.25831890106	NaN	0.0266220513731	0.181928172708	-0.0252346508205	NaN	NaN	NaN	NaN	NaN	1309050075125314048	0.00249999994412	0.000299817649648	-0.000103122329165	0.000235863117268	-0.0145509624854	0.0121896946803	0.015786126256	0.0989999994636	-0.0379999987781	-0.0790000036359	61.4465467	23.8532644	203.365	3	NaN	NaN	NaN	NaN	NaN	NaN	ins
NaN	1734230019.603454358	173678	61.4465471069	23.8533707164	202.834492493	-3.68398614228e-05	-0.000480701739434	0.000678115873598	-0.886613667011	-0.179023236036	-0.266686469316	0.332784116268	-5.83321523666	4.85650157928	6.25357246399	NaN	0.0265403408557	0.181915894151	-0.0252322573215	NaN	NaN	NaN	NaN	NaN	1309050075127813888	0.00249999994412	0.000182170435437	-0.000190573438886	0.000251562945778	-0.0145829925314	0.0121254296973	0.0156802032143	0.0989999994636	-0.0379999987781	-0.0790000036359	61.4465467	23.8532644	203.365	3	NaN	NaN	NaN	NaN	NaN	NaN	ins
NaN	1734230019.606253004	173679	61.4465471079	23.8533707261	202.834539064	0.000110707362182	-0.000618629797827	0.00103531347122	-0.886613547802	-0.179022982717	-0.26668509841	0.332785606384	-5.83496332169	4.84966421127	6.22247314453	NaN	0.0264823976904	0.181824564934	-0.0251994132996	NaN	NaN	NaN	NaN	NaN	1309050075130313984	0.00249999994412	0.000342086714227	-0.00014263553021	0.000338192941854	-0.0145597439259	0.0121554732323	0.0156306196004	0.0989999994636	-0.0379999987781	-0.0790000036359	61.4465467	23.8532644	203.365	3	NaN	NaN	NaN	NaN	NaN	NaN	ins
NaN	1734230019.608387014	173680	61.4465471086	23.8533707345	202.834583768	0.000289119780064	-0.000593386648688	0.000509617733769	-0.886613786221	-0.179023623466	-0.266684412956	0.332785248756	-5.819480896	4.85905694962	6.21867513657	NaN	0.0264785252512	0.181776598096	-0.0251623410732	NaN	NaN	NaN	NaN	NaN	1309050075132813824	0.00249999994412	0.000233273472986	-0.0001833364513	0.000100969969935	-0.0145055577159	0.0121723990887	0.0156612321734	0.0989999994636	-0.0379999987781	-0.0790000036359	61.4465467	23.8532644	203.365	3	NaN	NaN	NaN	NaN	NaN	NaN	ins
NaN	1734230019.610905608	173681	61.4465471093	23.8533707419	202.834681472	-6.0121412389e-05	-0.00170972174965	0.00012054189574	-0.886614203453	-0.179026439786	-0.266680538654	0.332785695791	-5.82193136215	4.84903860092	6.22966861725	NaN	0.0265802461654	0.182005792856	-0.0251470189542	NaN	NaN	NaN	NaN	NaN	1309050075135313920	0.00249999994412	0.000241992762312	-0.000462472758954	0.000226655160077	-0.0145720271394	0.0121054491028	0.0156855266541	0.0989999994636	-0.0379999987781	-0.0790000036359	61.4465467	23.8532644	203.365	3	NaN	NaN	NaN	NaN	NaN	NaN	ins
NaN	1734230019.613324150	173682	61.4465471098	23.8533707502	202.8347238	0.000543049885891	-0.00191121082753	0.000495858839713	-0.886614203453	-0.179026812315	-0.266678839922	0.332786828279	-5.84032869339	4.84296131134	6.24759101868	NaN	0.0265198647976	0.182027965784	-0.0252064000815	NaN	NaN	NaN	NaN	NaN	1309050075137814016	0.00249999994412	0.000406043720432	-0.000241039480898	0.000208516648854	-0.0145975770429	0.0121419876814	0.015750836581	0.0989999994636	-0.0379999987781	-0.0790000036359	61.4465467	23.8532644	203.365	3	NaN	NaN	NaN	NaN	NaN	NaN	ins
NaN	1734230019.616086129	173683	61.44654711	23.8533707595	202.834794192	0.00103447807487	4.15823888034e-06	0.000491561950184	-0.88661301136	-0.17902842164	-0.266678929329	0.332789182663	-5.83723306656	4.85190439224	6.2355890274	NaN	0.0265649463981	0.182078152895	-0.0251658149064	NaN	NaN	NaN	NaN	NaN	1309050075140313856	0.00249999994412	0.000382820522645	8.62707311171e-05	0.000225499490625	-0.0145564461127	0.0121501032263	0.0156256370246	0.0989999994636	-0.0379999987781	-0.0790000036359	61.4465467	23.8532644	203.365	3	NaN	NaN	NaN	NaN	NaN	NaN	ins
NaN	1734230019.618340712	173684	61.4465471106	23.8533707682	202.834852556	0.000916072749533	0.000430466374382	-0.000442678574473	-0.886612355709	-0.179030418396	-0.266678988934	0.332789570093	-5.82572746277	4.85693502426	6.22920036316	NaN	0.0265513118356	0.182068631053	-0.0251832250506	NaN	NaN	NaN	NaN	NaN	1309050075142813952	0.00249999994412	0.000372057285858	-0.000119044059829	-5.91783282289e-05	-0.0145399980247	0.0121671808884	0.0157188624144	0.0989999994636	-0.0379999987781	-0.0790000036359	61.4465467	23.8532644	203.365	3	NaN	NaN	NaN	NaN	NaN	NaN	ins
NaN	1734230019.621022900	173685	61.4465471113	23.8533707775	202.834931953	0.000237237312831	0.000307491311105	-0.000330032315105	-0.886612415314	-0.179028734565	-0.266680032015	0.332789719105	-5.8226017952	4.86367845535	6.24323940277	NaN	0.0267183966935	0.18218190968	-0.0251947268844	NaN	NaN	NaN	NaN	NaN	1309050075145314048	0.00249999994412	0.000188348465599	5.10410427523e-05	0.000257770472672	-0.0145408315584	0.0121838478372	0.0156957916915	0.0989999994636	-0.0379999987781	-0.0790000036359	61.4465467	23.8532644	203.365	3	NaN	NaN	NaN	NaN	NaN	NaN	ins
NaN	1734230019.623320452	173686	61.4465471119	23.853370786	202.834964969	-0.00068750733044	-0.000214442785364	0.000253177830018	-0.886613190174	-0.179029256105	-0.266678899527	0.332788258791	-5.81566953659	4.86306810379	6.23193025589	NaN	0.0267108287662	0.18214070797	-0.0251541566104	NaN	NaN	NaN	NaN	NaN	1309050075147814144	0.00249999994412	0.000107181920612	-0.000268420059001	0.000107974148705	-0.0145053742453	0.0121641466394	0.0156623218209	0.0989999994636	-0.0379999987781	-0.0790000036359	61.4465467	23.8532644	203.365	3	NaN	NaN	NaN	NaN	NaN	NaN	ins
NaN	1734230019.626129827	173687	61.4465471124	23.8533707941	202.835046884	-0.000981939723715	-0.000679280550685	5.89718110859e-05	-0.886613607407	-0.179028168321	-0.26667919755	0.332787334919	-5.8187713623	4.85014152527	6.2317533493	NaN	0.0266700387001	0.182223811746	-0.0251422990113	NaN	NaN	NaN	NaN	NaN	1309050075150313728	0.00249999994412	0.000103999736893	-8.21252033347e-05	0.000202134688152	-0.0145563492551	0.0121192522347	0.0156948715448	0.0989999994636	-0.0379999987781	-0.0790000036359	61.4465467	23.8532644	203.365	3	NaN	NaN	NaN	NaN	NaN	NaN	ins
NaN	1734230019.628337535	173688	61.446547113	23.8533708028	202.835085553	-0.0007490941789	-0.000360923993867	0.000721146469004	-0.886614322662	-0.179027125239	-0.266678094864	0.332786977291	-5.82902050018	4.84987831116	6.23350334167	NaN	0.0266241896898	0.182182222605	-0.0251370538026	NaN	NaN	NaN	NaN	NaN	1309050075152813824	0.00249999994412	0.000174279601197	-0.000177136273123	0.000297443417367	-0.0145566863939	0.0121628530324	0.015671107918	0.0989999994636	-0.0379999987781	-0.0790000036359	61.4465467	23.8532644	203.365	3	NaN	NaN	NaN	NaN	NaN	NaN	ins
NaN	1734230019.630900608	173689	61.4465471138	23.8533708114	202.835169621	-0.000135297537781	-0.000783701601904	0.000772500294261	-0.886614322662	-0.179028108716	-0.26667663455	0.332787722349	-5.81933164597	4.85938453674	6.24771213531	NaN	0.026740796864	0.182299643755	-0.0251652356237	NaN	NaN	NaN	NaN	NaN	1309050075155313920	0.00249999994412	0.000279839528957	-0.000203241987037	0.000216846528929	-0.0145079372451	0.0121667459607	0.0157659165561	0.0989999994636	-0.0379999987781	-0.0790000036359	61.4465467	23.8532644	203.365	3	NaN	NaN	NaN	NaN	NaN	NaN	ins
NaN	1734230019.633443629	173690	61.4465471144	23.8533708197	202.835211597	0.000393295893446	-0.000700752891134	0.000355249037966	-0.886614322662	-0.179028108716	-0.26667663455	0.332787722349	-5.80831718445	4.8700966835	6.26308822632	NaN	0.0267922412604	0.182280227542	-0.0252027269453	NaN	NaN	NaN	NaN	NaN	1309050075157814016	0.00249999994412	0.000325310480548	-0.00015345212887	0.000178145230166	-0.0145015446469	0.012216348201	0.0157479830086	0.0989999994636	-0.0379999987781	-0.0790000036359	61.4465467	23.8532644	203.365	3	NaN	NaN	NaN	NaN	NaN	NaN	ins
NaN	1734230019.636044358	173691	61.4465471148	23.8533708282	202.835405736	0.000293242512271	-0.000116007169709	-0.000194261199795	-0.886613965034	-0.179029196501	-0.266676396132	0.332788199186	-5.82452917099	4.87795495987	6.26487827301	NaN	0.026807077229	0.182291418314	-0.0253040120006	NaN	NaN	NaN	NaN	NaN	1309050075160313856	0.00249999994412	0.000251176330494	-3.57247517968e-05	5.94232551521e-05	-0.0145889492705	0.0122060487047	0.0157749019563	0.0989999994636	-0.0379999987781	-0.0790000036359	61.4465467	23.8532644	203.365	3	NaN	NaN	NaN	NaN	NaN	NaN	ins
NaN	1734230019.638366650	173692	61.4465471154	23.853370837	202.835454492	0.000187724712305	0.00013724307064	-0.00136818387546	-0.886613368988	-0.179031684995	-0.266677200794	0.332787871361	-5.83287239075	4.86678552628	6.25421524048	NaN	0.0267789121717	0.182269513607	-0.0253046546131	NaN	NaN	NaN	NaN	NaN	1309050075162813952	0.00249999994412	0.000295070640277	-8.08932891232e-05	-0.000158147566253	-0.0145432241261	0.0121605508029	0.0156946647912	0.0989999994636	-0.0379999987781	-0.0790000036359	61.4465467	23.8532644	203.365	3	NaN	NaN	NaN	NaN	NaN	NaN	ins
NaN	1734230019.640928108	173693	61.4465471165	23.8533708445	202.835441029	2.83845001832e-05	0.00083824666217	-7.94332008809e-05	-0.88661301136	-0.179029375315	-0.266678273678	0.332789242268	-5.83298063278	4.85898637772	6.24334716797	NaN	0.0266583524644	0.182243421674	-0.025352338329	NaN	NaN	NaN	NaN	NaN	1309050075165313024	0.00249899993651	0.000205440519494	0.000165103338077	0.000428425235441	-0.0145836537704	0.0121621536091	0.0157142654061	0.0989999994636	-0.0379999987781	-0.0790000036359	61.4465467	23.8532644	203.365	3	NaN	NaN	NaN	NaN	NaN	NaN	ins
NaN	1734230019.643324723	173694	61.4465471171	23.8533708527	202.835485796	-0.000442143646069	0.00128632702399	0.00089439144358	-0.886612892151	-0.179029017687	-0.266679465771	0.332788705826	-5.82226037979	4.87000608444	6.24085426331	NaN	0.026695696637	0.182181164622	-0.0253405813128	NaN	NaN	NaN	NaN	NaN	1309050075167814144	0.00250099995174	0.000160319992574	4.74612097605e-05	0.000120939745102	-0.0144954426214	0.0122205112129	0.0156885050237	0.0989999994636	-0.0379999987781	-0.0790000036359	61.4465467	23.8532644	203.365	3	NaN	NaN	NaN	NaN	NaN	NaN	ins
NaN	1734230019.646079619	173695	61.4465471175	23.853370862	202.835548634	-0.000231274403632	0.000665436731651	-0.000568862946238	-0.886612415314	-0.179029896855	-0.266680508852	0.332788795233	-5.82218313217	4.87439155579	6.2253370285	NaN	0.0267362017184	0.182202041149	-0.0253495816141	NaN	NaN	NaN	NaN	NaN	1309050075170313728	0.00249999994412	0.000265938229859	-1.27741677716e-05	9.43193390412e-06	-0.0145891038701	0.0121890045702	0.0156429596245	0.0989999994636	-0.0379999987781	-0.0790000036359	61.4465467	23.8532644	203.365	3	NaN	NaN	NaN	NaN	NaN	NaN	ins
NaN	1734230019.648332900	173696	61.4465471181	23.8533708706	202.835581576	5.62412897125e-05	0.000813482096419	-0.00106574420352	-0.886611759663	-0.179030686617	-0.266682296991	0.332788646221	-5.85214519501	4.85718727112	6.21358394623	NaN	0.026591386646	0.182140022516	-0.0253465622663	NaN	NaN	NaN	NaN	NaN	1309050075172813824	0.00249999994412	0.000242643320234	8.98791040527e-05	-2.15184099943e-05	-0.0146394176409	0.0121296020225	0.015623469837	0.0989999994636	-0.0379999987781	-0.0790000036359	61.4465467	23.8532644	203.365	3	NaN	NaN	NaN	NaN	NaN	NaN	ins
NaN	1734230019.651052848	173697	61.4465471189	23.8533708803	202.835705865	-0.00011086568702	0.000187444151379	-0.00137785961851	-0.886611223221	-0.179034531116	-0.266681522131	0.332788437605	-5.85218954086	4.8551197052	6.21862840652	NaN	0.0264689717442	0.182317644358	-0.025366647169	NaN	NaN	NaN	NaN	NaN	1309050075175312896	0.00249899993651	0.000217942462768	-0.000192042367416	-8.00467169029e-05	-0.0145835047588	0.0121738072485	0.0156618840992	0.0989999994636	-0.0379999987781	-0.0790000036359	61.4465467	23.8532644	203.365	3	NaN	NaN	NaN	NaN	NaN	NaN	ins
NaN	1734230019.653318577	173698	61.4465471194	23.853370889	202.835753876	0.000569513416849	-0.000217429071199	-0.00120301055722	-0.886610388756	-0.179035738111	-0.266681939363	0.332789719105	-5.83956480026	4.85726881027	6.22591114044	NaN	0.0263925530016	0.18228174746	-0.025354757905	NaN	NaN	NaN	NaN	NaN	1309050075177814016	0.00250099995174	0.000437789101852	-2.60104443441e-05	2.86963149847e-05	-0.0145821534097	0.0121451327577	0.0156662091613	0.0989999994636	-0.0379999987781	-0.0790000036359	61.4465467	23.8532644	203.365	3	NaN	NaN	NaN	NaN	NaN	NaN	ins
NaN	1734230019.656027379	173699	61.4465471199	23.8533708965	202.835801099	0.000829375931062	0.000699311960489	0.000174473389052	-0.8866096735	-0.179035946727	-0.266682058573	0.332791447639	-5.83959341049	4.84847450256	6.23243093491	NaN	0.0265618916601	0.182619079947	-0.0253739524633	NaN	NaN	NaN	NaN	NaN	1309050075180313856	0.00249999994412	0.000292510696454	7.05056809238e-05	0.000314637523843	-0.0145894782618	0.0121346600354	0.015700802207	0.0989999994636	-0.0379999987781	-0.0790000036359	61.4465467	23.8532644	203.365	3	NaN	NaN	NaN	NaN	NaN	NaN	ins
NaN	1734230019.658357014	173700	61.4465471205	23.8533709052	202.835843292	0.000461092684418	0.000694137299433	0.00197927700356	-0.886609911919	-0.17903290689	-0.266681164503	0.33279311657	-5.82930231094	4.84640026093	6.24821567535	NaN	0.0265491753817	0.182652011514	-0.0253766663373	NaN	NaN	NaN	NaN	NaN	1309050075182813952	0.00249999994412	0.000332012859872	-2.75620677712e-05	0.000545649963897	-0.0145249180496	0.0121298879385	0.0157387983054	0.0989999994636	-0.0379999987781	-0.0790000036359	61.4465467	23.8532644	203.365	3	NaN	NaN	NaN	NaN	NaN	NaN	ins
NaN	1734230019.660901233	173701	61.4465471216	23.8533709138	202.835959963	0.00070532457903	0.00105485261884	0.0012799721444	-0.886608958244	-0.179032236338	-0.266683340073	0.332794398069	-5.80770587921	4.85560464859	6.26941680908	NaN	0.0268375203013	0.182870998979	-0.025422077626	NaN	NaN	NaN	NaN	NaN	1309050075185313024	0.00249899993651	0.000362284161383	0.00017375103198	0.000114245347504	-0.0144756715745	0.0121758254245	0.0158004965633	0.0989999994636	-0.0379999987781	-0.0790000036359	61.4465467	23.8532644	203.365	3	NaN	NaN	NaN	NaN	NaN	NaN	ins
NaN	1734230019.663544775	173702	61.4465471222	23.8533709223	202.835992859	0.000936817727052	0.00137881934643	-4.0830927901e-05	-0.886608242989	-0.17903201282	-0.266684144735	0.332795858383	-5.79761600494	4.85230398178	6.24864149094	NaN	0.0268199183047	0.18285176158	-0.0253206174821	NaN	NaN	NaN	NaN	NaN	1309050075187813888	0.00250099995174	0.000398553384002	6.5307263867e-05	0.000167313832208	-0.0144801819697	0.0121182668954	0.0156412012875	0.0989999994636	-0.0379999987781	-0.0790000036359	61.4465467	23.8532644	203.365	3	NaN	NaN	NaN	NaN	NaN	NaN	ins
NaN	1734230019.666036389	173703	61.4465471225	23.8533709301	202.836069838	8.34952807054e-05	0.000897277495824	-0.000123429985251	-0.886608242989	-0.179031342268	-0.266685724258	0.332794934511	-5.77826547623	4.83929681778	6.19717741013	NaN	0.0268318522722	0.182588040829	-0.025112779811	NaN	NaN	NaN	NaN	NaN	1309050075190313728	0.00249999994412	0.000118024836411	3.59986406693e-05	9.06011409825e-05	-0.0143847549334	0.012115702033	0.0155494203791	0.0989999994636	-0.0379999987781	-0.0790000036359	61.4465467	23.8532644	203.365	3	NaN	NaN	NaN	NaN	NaN	NaN	ins
NaN	1734230019.668372848	173704	61.4465471231	23.8533709387	202.836101978	-0.00081208179472	0.000825108552817	-0.000818614498712	-0.886607944965	-0.17903213203	-0.266687333584	0.33279389143	-5.78793144226	4.84862756729	6.2019701004	NaN	0.0268075745553	0.182545185089	-0.0250783078372	NaN	NaN	NaN	NaN	NaN	1309050075192813824	0.00249999994412	0.000141778233228	4.45597979706e-05	-3.19022401527e-05	-0.0145226996392	0.0121601624414	0.0156588740647	0.0989999994636	-0.0379999987781	-0.0790000036359	61.4465467	23.8532644	203.365	3	NaN	NaN	NaN	NaN	NaN	NaN	ins
NaN	1734230019.670963108	173705	61.4465471234	23.8533709472	202.836192328	-0.000324268941768	0.000445941259386	-0.000334124139044	-0.886608541012	-0.179028615355	-0.266688346863	0.332793504	-5.82175779343	4.86103487015	6.24360370636	NaN	0.026733437553	0.182664126158	-0.0251338258386	NaN	NaN	NaN	NaN	NaN	1309050075195313920	0.00249999994412	0.000257767445873	-7.27315491531e-05	0.000229434488574	-0.014553880319	0.0121776917949	0.0157576501369	0.0989999994636	-0.0379999987781	-0.0790000036359	61.4465467	23.8532644	203.365	3	NaN	NaN	NaN	NaN	NaN	NaN	ins
NaN	1734230019.673436546	173706	61.4465471241	23.8533709557	202.836224935	-0.000272653065622	-0.000392088608351	0.00021490897052	-0.886609017849	-0.179028913379	-0.266687631607	0.332792580128	-5.84590053558	4.84980297089	6.26293516159	NaN	0.0266198050231	0.182710766792	-0.0252045448869	NaN	NaN	NaN	NaN	NaN	1309050075197814016	0.00249999994412	0.000156596826855	-0.000195546308532	0.000125348829897	-0.0146434791386	0.0121039673686	0.0157554950565	0.0989999994636	-0.0379999987781	-0.0790000036359	61.4465467	23.8532644	203.365	3	NaN	NaN	NaN	NaN	NaN	NaN	ins
NaN	1734230019.676086962	173707	61.4465471246	23.8533709656	202.836319035	-0.000256509054452	-0.000597802281845	0.000675692688674	-0.886609852314	-0.17902456224	-0.266687780619	0.332792401314	-5.85215234756	4.84949207306	6.26532840729	NaN	0.0266236681491	0.182783395052	-0.0252854004502	NaN	NaN	NaN	NaN	NaN	1309050075200314112	0.00249999994412	0.000262392073637	-0.000131664171931	0.000361439568223	-0.0145851699635	0.012176127173	0.0157695896924	0.0989999994636	-0.0379999987781	-0.0790000036359	61.4465467	23.8532644	203.365	3	NaN	NaN	NaN	NaN	NaN	NaN	ins
NaN	1734230019.678331806	173708	61.4465471252	23.8533709742	202.836351761	0.000707606784999	0.000187062396435	0.00117250997573	-0.886609315872	-0.179023757577	-0.266687989235	0.332794338465	-5.82121133804	4.86861610413	6.25623226166	NaN	0.0266639366746	0.182752206922	-0.0252829249948	NaN	NaN	NaN	NaN	NaN	1309050075202813952	0.00249999994412	0.000432822533185	2.9299995731e-05	0.000267753901426	-0.0144887957722	0.0121995089576	0.0157101303339	0.0989999994636	-0.0379999987781	-0.0790000036359	61.4465467	23.8532644	203.365	3	NaN	NaN	NaN	NaN	NaN	NaN	ins
NaN	1734230019.681061546	173709	61.4465471262	23.8533709827	202.836454908	0.000447950558737	0.00013181893155	0.00102581130341	-0.886610269547	-0.179020032287	-0.266688108444	0.332793593407	-5.80437994003	4.86452627182	6.22288322449	NaN	0.0269171055406	0.182678043842	-0.0251977462322	NaN	NaN	NaN	NaN	NaN	1309050075205313024	0.00249899993651	0.000187946192455	-0.000147447732161	0.000319237238728	-0.014495221898	0.0121508203447	0.0155965769663	0.0989999994636	-0.0379999987781	-0.0790000036359	61.4465467	23.8532644	203.365	3	NaN	NaN	NaN	NaN	NaN	NaN	ins
NaN	1734230019.683291702	173710	61.4465471268	23.8533709912	202.836487238	0.000114429043606	0.000903075910173	-5.255360
